6400 4150 -74000.0 1
6400 4150 -74000.0 0
6400 4150 -73310.0 1
6400 4150 -73310.0 0
6400 4150 -72620.0 1
6400 4150 -72620.0 0
6400 4150 -71930.0 1
6400 4150 -71930.0 0
6400 4150 -71240.0 1
6400 4150 -71240.0 0
6400 4150 -70550.0 1
6400 4150 -70550.0 0
6400 4150 -69860.0 1
6400 4150 -69860.0 0
6400 4150 -69170.0 1
6400 4150 -69170.0 0
6400 4150 -68480.0 1
6400 4150 -68480.0 0
6400 4150 -67790.0 1
6400 4150 -67790.0 0
6400 4150 -67100.0 1
6400 4150 -67100.0 0
6400 4150 -66410.0 1
6400 4150 -66410.0 0
6400 4150 -65720.0 1
6400 4150 -65720.0 0
6400 4150 -65030.0 1
6400 4150 -65030.0 0
6400 4150 -64340.0 1
6400 4150 -64340.0 0
6400 4150 -63650.0 1
6400 4150 -63650.0 0
6400 4150 -62960.0 1
6400 4150 -62960.0 0
6400 4150 -62270.0 1
6400 4150 -62270.0 0
6400 4150 -61580.0 1
6400 4150 -61580.0 0
6400 4150 -60890.0 1
6400 4150 -60890.0 0
6400 4150 -60200.0 1
6400 4150 -60200.0 0
6400 4150 -59510.0 1
6400 4150 -59510.0 0
6400 4150 -58820.0 1
6400 4150 -58820.0 0
6400 4150 -58130.0 1
6400 4150 -58130.0 0
6400 4150 -57440.0 1
6400 4150 -57440.0 0
6400 4150 -56750.0 1
6400 4150 -56750.0 0
6400 4150 -56060.0 1
6400 4150 -56060.0 0
6400 4150 -55370.0 1
6400 4150 -55370.0 0
6400 4150 -54680.0 1
6400 4150 -54680.0 0
6400 4150 -53990.0 1
6400 4150 -53990.0 0
6400 4150 -53300.0 1
6400 4150 -53300.0 0
6400 4150 -52610.0 1
6400 4150 -52610.0 0
6400 4150 -51920.0 1
6400 4150 -51920.0 0
6400 4150 -51230.0 1
6400 4150 -51230.0 0
6400 4150 -50540.0 1
6400 4150 -50540.0 0
6400 4150 -49850.0 1
6400 4150 -49850.0 0
6400 4150 -49160.0 1
6400 4150 -49160.0 0
6400 4150 -48470.0 1
6400 4150 -48470.0 0
6400 4150 -47780.0 1
6400 4150 -47780.0 0
6400 4150 -47090.0 1
6400 4150 -47090.0 0
6400 4150 -46400.0 1
6400 4150 -46400.0 0
6400 4150 -45710.0 1
6400 4150 -45710.0 0
6400 4150 -45020.0 1
6400 4150 -45020.0 0
6400 4150 -44330.0 1
6400 4150 -44330.0 0
6400 4150 -43640.0 1
6400 4150 -43640.0 0
6400 4150 -42950.0 1
6400 4150 -42950.0 0
6400 4150 -42260.0 1
6400 4150 -42260.0 0
6400 4150 -41570.0 1
6400 4150 -41570.0 0
6400 4150 -40880.0 1
6400 4150 -40880.0 0
6400 4150 -40190.0 1
6400 4150 -40190.0 0
6400 4150 -39500.0 1
6400 4150 -39500.0 0
6400 4150 -38810.0 1
6400 4150 -38810.0 0
6400 4150 -38120.0 1
6400 4150 -38120.0 0
6400 4150 -37430.0 1
6400 4150 -37430.0 0
6400 4150 -36740.0 1
6400 4150 -36740.0 0
6400 4150 -36050.0 1
6400 4150 -36050.0 0
6400 4150 -35360.0 1
6400 4150 -35360.0 0
6400 4150 -34670.0 1
6400 4150 -34670.0 0
6400 4150 -33980.0 1
6400 4150 -33980.0 0
6400 4150 -33290.0 1
6400 4150 -33290.0 0
6400 4150 -32600.0 1
6400 4150 -32600.0 0
6400 4150 -31910.0 1
6400 4150 -31910.0 0
6400 4150 -31220.0 1
6400 4150 -31220.0 0
6400 4150 -30530.0 1
6400 4150 -30530.0 0
6400 4150 -29840.0 1
6400 4150 -29840.0 0
6400 4150 -29150.0 1
6400 4150 -29150.0 0
6400 4150 -28460.0 1
6400 4150 -28460.0 0
6400 4150 -27770.0 1
6400 4150 -27770.0 0
6400 4150 -27080.0 1
6400 4150 -27080.0 0
6400 4150 -26390.0 1
6400 4150 -26390.0 0
6400 4150 -25700.0 1
6400 4150 -25700.0 0
6400 4150 -25010.0 1
6400 4150 -25010.0 0
6400 4150 -24320.0 1
6400 4150 -24320.0 0
6400 4150 -23630.0 1
6400 4150 -23630.0 0
6400 4150 -22940.0 1
6400 4150 -22940.0 0
6400 4150 -22250.0 1
6400 4150 -22250.0 0
6400 4150 -21560.0 1
6400 4150 -21560.0 0
6400 4150 -20870.0 1
6400 4150 -20870.0 0
6400 4150 -20180.0 1
6400 4150 -20180.0 0
6400 4150 -19490.0 1
6400 4150 -19490.0 0
6400 4150 -18800.0 1
6400 4150 -18800.0 0
6400 4150 -18110.0 1
6400 4150 -18110.0 0
6400 4150 -17420.0 1
6400 4150 -17420.0 0
6400 4150 -16730.0 1
6400 4150 -16730.0 0
6400 4150 -16040.0 1
6400 4150 -16040.0 0
6400 4150 -15350.0 1
6400 4150 -15350.0 0
6400 4150 -14660.0 1
6400 4150 -14660.0 0
6400 4150 -13970.0 1
6400 4150 -13970.0 0
6400 4150 -13280.0 1
6400 4150 -13280.0 0
6400 4150 -12590.0 1
6400 4150 -12590.0 0
6400 4150 -11900.0 1
6400 4150 -11900.0 0
6400 4150 -11210.0 1
6400 4150 -11210.0 0
6400 4150 -10520.0 1
6400 4150 -10520.0 0
6400 4150 -9830.0 1
6400 4150 -9830.0 0
6400 4150 -9140.0 1
6400 4150 -9140.0 0
6400 4150 -8450.0 1
6400 4150 -8450.0 0
6400 4150 -7760.0 1
6400 4150 -7760.0 0
6400 4150 -7070.0 1
6400 4150 -7070.0 0
6400 4150 -6380.0 1
6400 4150 -6380.0 0
6400 4150 -5690.0 1
6400 4150 -5690.0 0
6400 4150 -5000.0 1
6400 4150 -5000.0 0
3400.0 4150 -72032 1
3400.0 4150 -72032 0
6400.0 4150 -72032 1
6400.0 4150 -72032 0
9400.0 4150 -72032 1
9400.0 4150 -72032 0
12400.0 4150 -72032 1
12400.0 4150 -72032 0
15400.0 4150 -72032 1
15400.0 4150 -72032 0
18400.0 4150 -72032 1
18400.0 4150 -72032 0
21400.0 4150 -72032 1
21400.0 4150 -72032 0
24400.0 4150 -72032 1
24400.0 4150 -72032 0
27400.0 4150 -72032 1
27400.0 4150 -72032 0
27400.0 4150 -72032 1
27400.0 4150 -72032 0
24400.0 4150 -72032 1
24400.0 4150 -72032 0
21400.0 4150 -72032 1
21400.0 4150 -72032 0
18400.0 4150 -72032 1
18400.0 4150 -72032 0
15400.0 4150 -72032 1
15400.0 4150 -72032 0
12400.0 4150 -72032 1
12400.0 4150 -72032 0
9400.0 4150 -72032 1
9400.0 4150 -72032 0
6400.0 4150 -72032 1
6400.0 4150 -72032 0
3400.0 4150 -72032 1
3400.0 4150 -72032 0
3400.0 4150 -72032 1
3400.0 4150 -72032 0
6400.0 4150 -72032 1
6400.0 4150 -72032 0
9400.0 4150 -72032 1
9400.0 4150 -72032 0
12400.0 4150 -72032 1
12400.0 4150 -72032 0
15400.0 4150 -72032 1
15400.0 4150 -72032 0
18400.0 4150 -72032 1
18400.0 4150 -72032 0
21400.0 4150 -72032 1
21400.0 4150 -72032 0
24400.0 4150 -72032 1
24400.0 4150 -72032 0
27400.0 4150 -72032 1
27400.0 4150 -72032 0
27400.0 4150 -72032 1
27400.0 4150 -72032 0
24400.0 4150 -72032 1
24400.0 4150 -72032 0
21400.0 4150 -72032 1
21400.0 4150 -72032 0
18400.0 4150 -72032 1
18400.0 4150 -72032 0
15400.0 4150 -72032 1
15400.0 4150 -72032 0
12400.0 4150 -72032 1
12400.0 4150 -72032 0
9400.0 4150 -72032 1
9400.0 4150 -72032 0
6400.0 4150 -72032 1
6400.0 4150 -72032 0
3400.0 4150 -72032 1
3400.0 4150 -72032 0
3400.0 4150 -72032 1
3400.0 4150 -72032 0
6400.0 4150 -72032 1
6400.0 4150 -72032 0
9400.0 4150 -72032 1
9400.0 4150 -72032 0
12400.0 4150 -72032 1
12400.0 4150 -72032 0
15400.0 4150 -72032 1
15400.0 4150 -72032 0
18400.0 4150 -72032 1
18400.0 4150 -72032 0
21400.0 4150 -72032 1
21400.0 4150 -72032 0
24400.0 4150 -72032 1
24400.0 4150 -72032 0
27400.0 4150 -72032 1
27400.0 4150 -72032 0
27400.0 4150 -72032 1
27400.0 4150 -72032 0
24400.0 4150 -72032 1
24400.0 4150 -72032 0
21400.0 4150 -72032 1
21400.0 4150 -72032 0
18400.0 4150 -72032 1
18400.0 4150 -72032 0
15400.0 4150 -72032 1
15400.0 4150 -72032 0
12400.0 4150 -72032 1
12400.0 4150 -72032 0
9400.0 4150 -72032 1
9400.0 4150 -72032 0
6400.0 4150 -72032 1
6400.0 4150 -72032 0
3400.0 4150 -72032 1
3400.0 4150 -72032 0
3400.0 4150 -72032 1
3400.0 4150 -72032 0
6400.0 4150 -72032 1
6400.0 4150 -72032 0
9400.0 4150 -72032 1
9400.0 4150 -72032 0
12400.0 4150 -72032 1
12400.0 4150 -72032 0
15400.0 4150 -72032 1
15400.0 4150 -72032 0
18400.0 4150 -72032 1
18400.0 4150 -72032 0
21400.0 4150 -72032 1
21400.0 4150 -72032 0
24400.0 4150 -72032 1
24400.0 4150 -72032 0
27400.0 4150 -72032 1
27400.0 4150 -72032 0
27400.0 4150 -72032 1
27400.0 4150 -72032 0
24400.0 4150 -72032 1
24400.0 4150 -72032 0
21400.0 4150 -72032 1
21400.0 4150 -72032 0
18400.0 4150 -72032 1
18400.0 4150 -72032 0
15400.0 4150 -72032 1
15400.0 4150 -72032 0
12400.0 4150 -72032 1
12400.0 4150 -72032 0
9400.0 4150 -72032 1
9400.0 4150 -72032 0
6400.0 4150 -72032 1
6400.0 4150 -72032 0
3400.0 4150 -72032 1
3400.0 4150 -72032 0
3400.0 8150 -72032 1
3400.0 8150 -72032 0
6400.0 8150 -72032 1
6400.0 8150 -72032 0
9400.0 8150 -72032 1
9400.0 8150 -72032 0
12400.0 8150 -72032 1
12400.0 8150 -72032 0
15400.0 8150 -72032 1
15400.0 8150 -72032 0
18400.0 8150 -72032 1
18400.0 8150 -72032 0
21400.0 8150 -72032 1
21400.0 8150 -72032 0
24400.0 8150 -72032 1
24400.0 8150 -72032 0
27400.0 8150 -72032 1
27400.0 8150 -72032 0
27400.0 8150 -72032 1
27400.0 8150 -72032 0
24400.0 8150 -72032 1
24400.0 8150 -72032 0
21400.0 8150 -72032 1
21400.0 8150 -72032 0
18400.0 8150 -72032 1
18400.0 8150 -72032 0
15400.0 8150 -72032 1
15400.0 8150 -72032 0
12400.0 8150 -72032 1
12400.0 8150 -72032 0
9400.0 8150 -72032 1
9400.0 8150 -72032 0
6400.0 8150 -72032 1
6400.0 8150 -72032 0
3400.0 8150 -72032 1
3400.0 8150 -72032 0
3400.0 8150 -72032 1
3400.0 8150 -72032 0
6400.0 8150 -72032 1
6400.0 8150 -72032 0
9400.0 8150 -72032 1
9400.0 8150 -72032 0
12400.0 8150 -72032 1
12400.0 8150 -72032 0
15400.0 8150 -72032 1
15400.0 8150 -72032 0
18400.0 8150 -72032 1
18400.0 8150 -72032 0
21400.0 8150 -72032 1
21400.0 8150 -72032 0
24400.0 8150 -72032 1
24400.0 8150 -72032 0
27400.0 8150 -72032 1
27400.0 8150 -72032 0
27400.0 8150 -72032 1
27400.0 8150 -72032 0
24400.0 8150 -72032 1
24400.0 8150 -72032 0
21400.0 8150 -72032 1
21400.0 8150 -72032 0
18400.0 8150 -72032 1
18400.0 8150 -72032 0
15400.0 8150 -72032 1
15400.0 8150 -72032 0
12400.0 8150 -72032 1
12400.0 8150 -72032 0
9400.0 8150 -72032 1
9400.0 8150 -72032 0
6400.0 8150 -72032 1
6400.0 8150 -72032 0
3400.0 8150 -72032 1
3400.0 8150 -72032 0
3400.0 8150 -72032 1
3400.0 8150 -72032 0
6400.0 8150 -72032 1
6400.0 8150 -72032 0
9400.0 8150 -72032 1
9400.0 8150 -72032 0
12400.0 8150 -72032 1
12400.0 8150 -72032 0
15400.0 8150 -72032 1
15400.0 8150 -72032 0
18400.0 8150 -72032 1
18400.0 8150 -72032 0
21400.0 8150 -72032 1
21400.0 8150 -72032 0
24400.0 8150 -72032 1
24400.0 8150 -72032 0
27400.0 8150 -72032 1
27400.0 8150 -72032 0
27400.0 8150 -72032 1
27400.0 8150 -72032 0
24400.0 8150 -72032 1
24400.0 8150 -72032 0
21400.0 8150 -72032 1
21400.0 8150 -72032 0
18400.0 8150 -72032 1
18400.0 8150 -72032 0
15400.0 8150 -72032 1
15400.0 8150 -72032 0
12400.0 8150 -72032 1
12400.0 8150 -72032 0
9400.0 8150 -72032 1
9400.0 8150 -72032 0
6400.0 8150 -72032 1
6400.0 8150 -72032 0
3400.0 8150 -72032 1
3400.0 8150 -72032 0
3400.0 8150 -72032 1
3400.0 8150 -72032 0
6400.0 8150 -72032 1
6400.0 8150 -72032 0
9400.0 8150 -72032 1
9400.0 8150 -72032 0
12400.0 8150 -72032 1
12400.0 8150 -72032 0
15400.0 8150 -72032 1
15400.0 8150 -72032 0
18400.0 8150 -72032 1
18400.0 8150 -72032 0
21400.0 8150 -72032 1
21400.0 8150 -72032 0
24400.0 8150 -72032 1
24400.0 8150 -72032 0
27400.0 8150 -72032 1
27400.0 8150 -72032 0
27400.0 8150 -72032 1
27400.0 8150 -72032 0
24400.0 8150 -72032 1
24400.0 8150 -72032 0
21400.0 8150 -72032 1
21400.0 8150 -72032 0
18400.0 8150 -72032 1
18400.0 8150 -72032 0
15400.0 8150 -72032 1
15400.0 8150 -72032 0
12400.0 8150 -72032 1
12400.0 8150 -72032 0
9400.0 8150 -72032 1
9400.0 8150 -72032 0
6400.0 8150 -72032 1
6400.0 8150 -72032 0
3400.0 8150 -72032 1
3400.0 8150 -72032 0
3400.0 -3850 -72032 1
3400.0 -3850 -72032 0
6400.0 -3850 -72032 1
6400.0 -3850 -72032 0
9400.0 -3850 -72032 1
9400.0 -3850 -72032 0
12400.0 -3850 -72032 1
12400.0 -3850 -72032 0
15400.0 -3850 -72032 1
15400.0 -3850 -72032 0
18400.0 -3850 -72032 1
18400.0 -3850 -72032 0
21400.0 -3850 -72032 1
21400.0 -3850 -72032 0
24400.0 -3850 -72032 1
24400.0 -3850 -72032 0
27400.0 -3850 -72032 1
27400.0 -3850 -72032 0
27400.0 -3850 -72032 1
27400.0 -3850 -72032 0
24400.0 -3850 -72032 1
24400.0 -3850 -72032 0
21400.0 -3850 -72032 1
21400.0 -3850 -72032 0
18400.0 -3850 -72032 1
18400.0 -3850 -72032 0
15400.0 -3850 -72032 1
15400.0 -3850 -72032 0
12400.0 -3850 -72032 1
12400.0 -3850 -72032 0
9400.0 -3850 -72032 1
9400.0 -3850 -72032 0
6400.0 -3850 -72032 1
6400.0 -3850 -72032 0
3400.0 -3850 -72032 1
3400.0 -3850 -72032 0
3400.0 -3850 -72032 1
3400.0 -3850 -72032 0
6400.0 -3850 -72032 1
6400.0 -3850 -72032 0
9400.0 -3850 -72032 1
9400.0 -3850 -72032 0
12400.0 -3850 -72032 1
12400.0 -3850 -72032 0
15400.0 -3850 -72032 1
15400.0 -3850 -72032 0
18400.0 -3850 -72032 1
18400.0 -3850 -72032 0
21400.0 -3850 -72032 1
21400.0 -3850 -72032 0
24400.0 -3850 -72032 1
24400.0 -3850 -72032 0
27400.0 -3850 -72032 1
27400.0 -3850 -72032 0
27400.0 -3850 -72032 1
27400.0 -3850 -72032 0
24400.0 -3850 -72032 1
24400.0 -3850 -72032 0
21400.0 -3850 -72032 1
21400.0 -3850 -72032 0
18400.0 -3850 -72032 1
18400.0 -3850 -72032 0
15400.0 -3850 -72032 1
15400.0 -3850 -72032 0
12400.0 -3850 -72032 1
12400.0 -3850 -72032 0
9400.0 -3850 -72032 1
9400.0 -3850 -72032 0
6400.0 -3850 -72032 1
6400.0 -3850 -72032 0
3400.0 -3850 -72032 1
3400.0 -3850 -72032 0
3400.0 -3850 -72032 1
3400.0 -3850 -72032 0
6400.0 -3850 -72032 1
6400.0 -3850 -72032 0
9400.0 -3850 -72032 1
9400.0 -3850 -72032 0
12400.0 -3850 -72032 1
12400.0 -3850 -72032 0
15400.0 -3850 -72032 1
15400.0 -3850 -72032 0
18400.0 -3850 -72032 1
18400.0 -3850 -72032 0
21400.0 -3850 -72032 1
21400.0 -3850 -72032 0
24400.0 -3850 -72032 1
24400.0 -3850 -72032 0
27400.0 -3850 -72032 1
27400.0 -3850 -72032 0
27400.0 -3850 -72032 1
27400.0 -3850 -72032 0
24400.0 -3850 -72032 1
24400.0 -3850 -72032 0
21400.0 -3850 -72032 1
21400.0 -3850 -72032 0
18400.0 -3850 -72032 1
18400.0 -3850 -72032 0
15400.0 -3850 -72032 1
15400.0 -3850 -72032 0
12400.0 -3850 -72032 1
12400.0 -3850 -72032 0
9400.0 -3850 -72032 1
9400.0 -3850 -72032 0
6400.0 -3850 -72032 1
6400.0 -3850 -72032 0
3400.0 -3850 -72032 1
3400.0 -3850 -72032 0
3400.0 -3850 -72032 1
3400.0 -3850 -72032 0
6400.0 -3850 -72032 1
6400.0 -3850 -72032 0
9400.0 -3850 -72032 1
9400.0 -3850 -72032 0
12400.0 -3850 -72032 1
12400.0 -3850 -72032 0
15400.0 -3850 -72032 1
15400.0 -3850 -72032 0
18400.0 -3850 -72032 1
18400.0 -3850 -72032 0
21400.0 -3850 -72032 1
21400.0 -3850 -72032 0
24400.0 -3850 -72032 1
24400.0 -3850 -72032 0
27400.0 -3850 -72032 1
27400.0 -3850 -72032 0
27400.0 -3850 -72032 1
27400.0 -3850 -72032 0
24400.0 -3850 -72032 1
24400.0 -3850 -72032 0
21400.0 -3850 -72032 1
21400.0 -3850 -72032 0
18400.0 -3850 -72032 1
18400.0 -3850 -72032 0
15400.0 -3850 -72032 1
15400.0 -3850 -72032 0
12400.0 -3850 -72032 1
12400.0 -3850 -72032 0
9400.0 -3850 -72032 1
9400.0 -3850 -72032 0
6400.0 -3850 -72032 1
6400.0 -3850 -72032 0
3400.0 -3850 -72032 1
3400.0 -3850 -72032 0
3400.0 150 -72032 1
3400.0 150 -72032 0
6400.0 150 -72032 1
6400.0 150 -72032 0
9400.0 150 -72032 1
9400.0 150 -72032 0
12400.0 150 -72032 1
12400.0 150 -72032 0
15400.0 150 -72032 1
15400.0 150 -72032 0
18400.0 150 -72032 1
18400.0 150 -72032 0
21400.0 150 -72032 1
21400.0 150 -72032 0
24400.0 150 -72032 1
24400.0 150 -72032 0
27400.0 150 -72032 1
27400.0 150 -72032 0
27400.0 150 -72032 1
27400.0 150 -72032 0
24400.0 150 -72032 1
24400.0 150 -72032 0
21400.0 150 -72032 1
21400.0 150 -72032 0
18400.0 150 -72032 1
18400.0 150 -72032 0
15400.0 150 -72032 1
15400.0 150 -72032 0
12400.0 150 -72032 1
12400.0 150 -72032 0
9400.0 150 -72032 1
9400.0 150 -72032 0
6400.0 150 -72032 1
6400.0 150 -72032 0
3400.0 150 -72032 1
3400.0 150 -72032 0
3400.0 150 -72032 1
3400.0 150 -72032 0
6400.0 150 -72032 1
6400.0 150 -72032 0
9400.0 150 -72032 1
9400.0 150 -72032 0
12400.0 150 -72032 1
12400.0 150 -72032 0
15400.0 150 -72032 1
15400.0 150 -72032 0
18400.0 150 -72032 1
18400.0 150 -72032 0
21400.0 150 -72032 1
21400.0 150 -72032 0
24400.0 150 -72032 1
24400.0 150 -72032 0
27400.0 150 -72032 1
27400.0 150 -72032 0
27400.0 150 -72032 1
27400.0 150 -72032 0
24400.0 150 -72032 1
24400.0 150 -72032 0
21400.0 150 -72032 1
21400.0 150 -72032 0
18400.0 150 -72032 1
18400.0 150 -72032 0
15400.0 150 -72032 1
15400.0 150 -72032 0
12400.0 150 -72032 1
12400.0 150 -72032 0
9400.0 150 -72032 1
9400.0 150 -72032 0
6400.0 150 -72032 1
6400.0 150 -72032 0
3400.0 150 -72032 1
3400.0 150 -72032 0
3400.0 150 -72032 1
3400.0 150 -72032 0
6400.0 150 -72032 1
6400.0 150 -72032 0
9400.0 150 -72032 1
9400.0 150 -72032 0
12400.0 150 -72032 1
12400.0 150 -72032 0
15400.0 150 -72032 1
15400.0 150 -72032 0
18400.0 150 -72032 1
18400.0 150 -72032 0
21400.0 150 -72032 1
21400.0 150 -72032 0
24400.0 150 -72032 1
24400.0 150 -72032 0
27400.0 150 -72032 1
27400.0 150 -72032 0
27400.0 150 -72032 1
27400.0 150 -72032 0
24400.0 150 -72032 1
24400.0 150 -72032 0
21400.0 150 -72032 1
21400.0 150 -72032 0
18400.0 150 -72032 1
18400.0 150 -72032 0
15400.0 150 -72032 1
15400.0 150 -72032 0
12400.0 150 -72032 1
12400.0 150 -72032 0
9400.0 150 -72032 1
9400.0 150 -72032 0
6400.0 150 -72032 1
6400.0 150 -72032 0
3400.0 150 -72032 1
3400.0 150 -72032 0
3400.0 150 -72032 1
3400.0 150 -72032 0
6400.0 150 -72032 1
6400.0 150 -72032 0
9400.0 150 -72032 1
9400.0 150 -72032 0
12400.0 150 -72032 1
12400.0 150 -72032 0
15400.0 150 -72032 1
15400.0 150 -72032 0
18400.0 150 -72032 1
18400.0 150 -72032 0
21400.0 150 -72032 1
21400.0 150 -72032 0
24400.0 150 -72032 1
24400.0 150 -72032 0
27400.0 150 -72032 1
27400.0 150 -72032 0
27400.0 150 -72032 1
27400.0 150 -72032 0
24400.0 150 -72032 1
24400.0 150 -72032 0
21400.0 150 -72032 1
21400.0 150 -72032 0
18400.0 150 -72032 1
18400.0 150 -72032 0
15400.0 150 -72032 1
15400.0 150 -72032 0
12400.0 150 -72032 1
12400.0 150 -72032 0
9400.0 150 -72032 1
9400.0 150 -72032 0
6400.0 150 -72032 1
6400.0 150 -72032 0
3400.0 150 -72032 1
3400.0 150 -72032 0
3400.0 4150 -52032 1
3400.0 4150 -52032 0
6400.0 4150 -52032 1
6400.0 4150 -52032 0
9400.0 4150 -52032 1
9400.0 4150 -52032 0
12400.0 4150 -52032 1
12400.0 4150 -52032 0
15400.0 4150 -52032 1
15400.0 4150 -52032 0
18400.0 4150 -52032 1
18400.0 4150 -52032 0
21400.0 4150 -52032 1
21400.0 4150 -52032 0
24400.0 4150 -52032 1
24400.0 4150 -52032 0
27400.0 4150 -52032 1
27400.0 4150 -52032 0
27400.0 4150 -52032 1
27400.0 4150 -52032 0
24400.0 4150 -52032 1
24400.0 4150 -52032 0
21400.0 4150 -52032 1
21400.0 4150 -52032 0
18400.0 4150 -52032 1
18400.0 4150 -52032 0
15400.0 4150 -52032 1
15400.0 4150 -52032 0
12400.0 4150 -52032 1
12400.0 4150 -52032 0
9400.0 4150 -52032 1
9400.0 4150 -52032 0
6400.0 4150 -52032 1
6400.0 4150 -52032 0
3400.0 4150 -52032 1
3400.0 4150 -52032 0
3400.0 4150 -52032 1
3400.0 4150 -52032 0
6400.0 4150 -52032 1
6400.0 4150 -52032 0
9400.0 4150 -52032 1
9400.0 4150 -52032 0
12400.0 4150 -52032 1
12400.0 4150 -52032 0
15400.0 4150 -52032 1
15400.0 4150 -52032 0
18400.0 4150 -52032 1
18400.0 4150 -52032 0
21400.0 4150 -52032 1
21400.0 4150 -52032 0
24400.0 4150 -52032 1
24400.0 4150 -52032 0
27400.0 4150 -52032 1
27400.0 4150 -52032 0
27400.0 4150 -52032 1
27400.0 4150 -52032 0
24400.0 4150 -52032 1
24400.0 4150 -52032 0
21400.0 4150 -52032 1
21400.0 4150 -52032 0
18400.0 4150 -52032 1
18400.0 4150 -52032 0
15400.0 4150 -52032 1
15400.0 4150 -52032 0
12400.0 4150 -52032 1
12400.0 4150 -52032 0
9400.0 4150 -52032 1
9400.0 4150 -52032 0
6400.0 4150 -52032 1
6400.0 4150 -52032 0
3400.0 4150 -52032 1
3400.0 4150 -52032 0
3400.0 4150 -52032 1
3400.0 4150 -52032 0
6400.0 4150 -52032 1
6400.0 4150 -52032 0
9400.0 4150 -52032 1
9400.0 4150 -52032 0
12400.0 4150 -52032 1
12400.0 4150 -52032 0
15400.0 4150 -52032 1
15400.0 4150 -52032 0
18400.0 4150 -52032 1
18400.0 4150 -52032 0
21400.0 4150 -52032 1
21400.0 4150 -52032 0
24400.0 4150 -52032 1
24400.0 4150 -52032 0
27400.0 4150 -52032 1
27400.0 4150 -52032 0
27400.0 4150 -52032 1
27400.0 4150 -52032 0
24400.0 4150 -52032 1
24400.0 4150 -52032 0
21400.0 4150 -52032 1
21400.0 4150 -52032 0
18400.0 4150 -52032 1
18400.0 4150 -52032 0
15400.0 4150 -52032 1
15400.0 4150 -52032 0
12400.0 4150 -52032 1
12400.0 4150 -52032 0
9400.0 4150 -52032 1
9400.0 4150 -52032 0
6400.0 4150 -52032 1
6400.0 4150 -52032 0
3400.0 4150 -52032 1
3400.0 4150 -52032 0
3400.0 4150 -52032 1
3400.0 4150 -52032 0
6400.0 4150 -52032 1
6400.0 4150 -52032 0
9400.0 4150 -52032 1
9400.0 4150 -52032 0
12400.0 4150 -52032 1
12400.0 4150 -52032 0
15400.0 4150 -52032 1
15400.0 4150 -52032 0
18400.0 4150 -52032 1
18400.0 4150 -52032 0
21400.0 4150 -52032 1
21400.0 4150 -52032 0
24400.0 4150 -52032 1
24400.0 4150 -52032 0
27400.0 4150 -52032 1
27400.0 4150 -52032 0
27400.0 4150 -52032 1
27400.0 4150 -52032 0
24400.0 4150 -52032 1
24400.0 4150 -52032 0
21400.0 4150 -52032 1
21400.0 4150 -52032 0
18400.0 4150 -52032 1
18400.0 4150 -52032 0
15400.0 4150 -52032 1
15400.0 4150 -52032 0
12400.0 4150 -52032 1
12400.0 4150 -52032 0
9400.0 4150 -52032 1
9400.0 4150 -52032 0
6400.0 4150 -52032 1
6400.0 4150 -52032 0
3400.0 4150 -52032 1
3400.0 4150 -52032 0
3400.0 8150 -52032 1
3400.0 8150 -52032 0
6400.0 8150 -52032 1
6400.0 8150 -52032 0
9400.0 8150 -52032 1
9400.0 8150 -52032 0
12400.0 8150 -52032 1
12400.0 8150 -52032 0
15400.0 8150 -52032 1
15400.0 8150 -52032 0
18400.0 8150 -52032 1
18400.0 8150 -52032 0
21400.0 8150 -52032 1
21400.0 8150 -52032 0
24400.0 8150 -52032 1
24400.0 8150 -52032 0
27400.0 8150 -52032 1
27400.0 8150 -52032 0
27400.0 8150 -52032 1
27400.0 8150 -52032 0
24400.0 8150 -52032 1
24400.0 8150 -52032 0
21400.0 8150 -52032 1
21400.0 8150 -52032 0
18400.0 8150 -52032 1
18400.0 8150 -52032 0
15400.0 8150 -52032 1
15400.0 8150 -52032 0
12400.0 8150 -52032 1
12400.0 8150 -52032 0
9400.0 8150 -52032 1
9400.0 8150 -52032 0
6400.0 8150 -52032 1
6400.0 8150 -52032 0
3400.0 8150 -52032 1
3400.0 8150 -52032 0
3400.0 8150 -52032 1
3400.0 8150 -52032 0
6400.0 8150 -52032 1
6400.0 8150 -52032 0
9400.0 8150 -52032 1
9400.0 8150 -52032 0
12400.0 8150 -52032 1
12400.0 8150 -52032 0
15400.0 8150 -52032 1
15400.0 8150 -52032 0
18400.0 8150 -52032 1
18400.0 8150 -52032 0
21400.0 8150 -52032 1
21400.0 8150 -52032 0
24400.0 8150 -52032 1
24400.0 8150 -52032 0
27400.0 8150 -52032 1
27400.0 8150 -52032 0
27400.0 8150 -52032 1
27400.0 8150 -52032 0
24400.0 8150 -52032 1
24400.0 8150 -52032 0
21400.0 8150 -52032 1
21400.0 8150 -52032 0
18400.0 8150 -52032 1
18400.0 8150 -52032 0
15400.0 8150 -52032 1
15400.0 8150 -52032 0
12400.0 8150 -52032 1
12400.0 8150 -52032 0
9400.0 8150 -52032 1
9400.0 8150 -52032 0
6400.0 8150 -52032 1
6400.0 8150 -52032 0
3400.0 8150 -52032 1
3400.0 8150 -52032 0
3400.0 8150 -52032 1
3400.0 8150 -52032 0
6400.0 8150 -52032 1
6400.0 8150 -52032 0
9400.0 8150 -52032 1
9400.0 8150 -52032 0
12400.0 8150 -52032 1
12400.0 8150 -52032 0
15400.0 8150 -52032 1
15400.0 8150 -52032 0
18400.0 8150 -52032 1
18400.0 8150 -52032 0
21400.0 8150 -52032 1
21400.0 8150 -52032 0
24400.0 8150 -52032 1
24400.0 8150 -52032 0
27400.0 8150 -52032 1
27400.0 8150 -52032 0
27400.0 8150 -52032 1
27400.0 8150 -52032 0
24400.0 8150 -52032 1
24400.0 8150 -52032 0
21400.0 8150 -52032 1
21400.0 8150 -52032 0
18400.0 8150 -52032 1
18400.0 8150 -52032 0
15400.0 8150 -52032 1
15400.0 8150 -52032 0
12400.0 8150 -52032 1
12400.0 8150 -52032 0
9400.0 8150 -52032 1
9400.0 8150 -52032 0
6400.0 8150 -52032 1
6400.0 8150 -52032 0
3400.0 8150 -52032 1
3400.0 8150 -52032 0
3400.0 8150 -52032 1
3400.0 8150 -52032 0
6400.0 8150 -52032 1
6400.0 8150 -52032 0
9400.0 8150 -52032 1
9400.0 8150 -52032 0
12400.0 8150 -52032 1
12400.0 8150 -52032 0
15400.0 8150 -52032 1
15400.0 8150 -52032 0
18400.0 8150 -52032 1
18400.0 8150 -52032 0
21400.0 8150 -52032 1
21400.0 8150 -52032 0
24400.0 8150 -52032 1
24400.0 8150 -52032 0
27400.0 8150 -52032 1
27400.0 8150 -52032 0
27400.0 8150 -52032 1
27400.0 8150 -52032 0
24400.0 8150 -52032 1
24400.0 8150 -52032 0
21400.0 8150 -52032 1
21400.0 8150 -52032 0
18400.0 8150 -52032 1
18400.0 8150 -52032 0
15400.0 8150 -52032 1
15400.0 8150 -52032 0
12400.0 8150 -52032 1
12400.0 8150 -52032 0
9400.0 8150 -52032 1
9400.0 8150 -52032 0
6400.0 8150 -52032 1
6400.0 8150 -52032 0
3400.0 8150 -52032 1
3400.0 8150 -52032 0
3400.0 -3850 -52032 1
3400.0 -3850 -52032 0
6400.0 -3850 -52032 1
6400.0 -3850 -52032 0
9400.0 -3850 -52032 1
9400.0 -3850 -52032 0
12400.0 -3850 -52032 1
12400.0 -3850 -52032 0
15400.0 -3850 -52032 1
15400.0 -3850 -52032 0
18400.0 -3850 -52032 1
18400.0 -3850 -52032 0
21400.0 -3850 -52032 1
21400.0 -3850 -52032 0
24400.0 -3850 -52032 1
24400.0 -3850 -52032 0
27400.0 -3850 -52032 1
27400.0 -3850 -52032 0
27400.0 -3850 -52032 1
27400.0 -3850 -52032 0
24400.0 -3850 -52032 1
24400.0 -3850 -52032 0
21400.0 -3850 -52032 1
21400.0 -3850 -52032 0
18400.0 -3850 -52032 1
18400.0 -3850 -52032 0
15400.0 -3850 -52032 1
15400.0 -3850 -52032 0
12400.0 -3850 -52032 1
12400.0 -3850 -52032 0
9400.0 -3850 -52032 1
9400.0 -3850 -52032 0
6400.0 -3850 -52032 1
6400.0 -3850 -52032 0
3400.0 -3850 -52032 1
3400.0 -3850 -52032 0
3400.0 -3850 -52032 1
3400.0 -3850 -52032 0
6400.0 -3850 -52032 1
6400.0 -3850 -52032 0
9400.0 -3850 -52032 1
9400.0 -3850 -52032 0
12400.0 -3850 -52032 1
12400.0 -3850 -52032 0
15400.0 -3850 -52032 1
15400.0 -3850 -52032 0
18400.0 -3850 -52032 1
18400.0 -3850 -52032 0
21400.0 -3850 -52032 1
21400.0 -3850 -52032 0
24400.0 -3850 -52032 1
24400.0 -3850 -52032 0
27400.0 -3850 -52032 1
27400.0 -3850 -52032 0
27400.0 -3850 -52032 1
27400.0 -3850 -52032 0
24400.0 -3850 -52032 1
24400.0 -3850 -52032 0
21400.0 -3850 -52032 1
21400.0 -3850 -52032 0
18400.0 -3850 -52032 1
18400.0 -3850 -52032 0
15400.0 -3850 -52032 1
15400.0 -3850 -52032 0
12400.0 -3850 -52032 1
12400.0 -3850 -52032 0
9400.0 -3850 -52032 1
9400.0 -3850 -52032 0
6400.0 -3850 -52032 1
6400.0 -3850 -52032 0
3400.0 -3850 -52032 1
3400.0 -3850 -52032 0
3400.0 -3850 -52032 1
3400.0 -3850 -52032 0
6400.0 -3850 -52032 1
6400.0 -3850 -52032 0
9400.0 -3850 -52032 1
9400.0 -3850 -52032 0
12400.0 -3850 -52032 1
12400.0 -3850 -52032 0
15400.0 -3850 -52032 1
15400.0 -3850 -52032 0
18400.0 -3850 -52032 1
18400.0 -3850 -52032 0
21400.0 -3850 -52032 1
21400.0 -3850 -52032 0
24400.0 -3850 -52032 1
24400.0 -3850 -52032 0
27400.0 -3850 -52032 1
27400.0 -3850 -52032 0
27400.0 -3850 -52032 1
27400.0 -3850 -52032 0
24400.0 -3850 -52032 1
24400.0 -3850 -52032 0
21400.0 -3850 -52032 1
21400.0 -3850 -52032 0
18400.0 -3850 -52032 1
18400.0 -3850 -52032 0
15400.0 -3850 -52032 1
15400.0 -3850 -52032 0
12400.0 -3850 -52032 1
12400.0 -3850 -52032 0
9400.0 -3850 -52032 1
9400.0 -3850 -52032 0
6400.0 -3850 -52032 1
6400.0 -3850 -52032 0
3400.0 -3850 -52032 1
3400.0 -3850 -52032 0
3400.0 -3850 -52032 1
3400.0 -3850 -52032 0
6400.0 -3850 -52032 1
6400.0 -3850 -52032 0
9400.0 -3850 -52032 1
9400.0 -3850 -52032 0
12400.0 -3850 -52032 1
12400.0 -3850 -52032 0
15400.0 -3850 -52032 1
15400.0 -3850 -52032 0
18400.0 -3850 -52032 1
18400.0 -3850 -52032 0
21400.0 -3850 -52032 1
21400.0 -3850 -52032 0
24400.0 -3850 -52032 1
24400.0 -3850 -52032 0
27400.0 -3850 -52032 1
27400.0 -3850 -52032 0
27400.0 -3850 -52032 1
27400.0 -3850 -52032 0
24400.0 -3850 -52032 1
24400.0 -3850 -52032 0
21400.0 -3850 -52032 1
21400.0 -3850 -52032 0
18400.0 -3850 -52032 1
18400.0 -3850 -52032 0
15400.0 -3850 -52032 1
15400.0 -3850 -52032 0
12400.0 -3850 -52032 1
12400.0 -3850 -52032 0
9400.0 -3850 -52032 1
9400.0 -3850 -52032 0
6400.0 -3850 -52032 1
6400.0 -3850 -52032 0
3400.0 -3850 -52032 1
3400.0 -3850 -52032 0
3400.0 150 -52032 1
3400.0 150 -52032 0
6400.0 150 -52032 1
6400.0 150 -52032 0
9400.0 150 -52032 1
9400.0 150 -52032 0
12400.0 150 -52032 1
12400.0 150 -52032 0
15400.0 150 -52032 1
15400.0 150 -52032 0
18400.0 150 -52032 1
18400.0 150 -52032 0
21400.0 150 -52032 1
21400.0 150 -52032 0
24400.0 150 -52032 1
24400.0 150 -52032 0
27400.0 150 -52032 1
27400.0 150 -52032 0
27400.0 150 -52032 1
27400.0 150 -52032 0
24400.0 150 -52032 1
24400.0 150 -52032 0
21400.0 150 -52032 1
21400.0 150 -52032 0
18400.0 150 -52032 1
18400.0 150 -52032 0
15400.0 150 -52032 1
15400.0 150 -52032 0
12400.0 150 -52032 1
12400.0 150 -52032 0
9400.0 150 -52032 1
9400.0 150 -52032 0
6400.0 150 -52032 1
6400.0 150 -52032 0
3400.0 150 -52032 1
3400.0 150 -52032 0
3400.0 150 -52032 1
3400.0 150 -52032 0
6400.0 150 -52032 1
6400.0 150 -52032 0
9400.0 150 -52032 1
9400.0 150 -52032 0
12400.0 150 -52032 1
12400.0 150 -52032 0
15400.0 150 -52032 1
15400.0 150 -52032 0
18400.0 150 -52032 1
18400.0 150 -52032 0
21400.0 150 -52032 1
21400.0 150 -52032 0
24400.0 150 -52032 1
24400.0 150 -52032 0
27400.0 150 -52032 1
27400.0 150 -52032 0
27400.0 150 -52032 1
27400.0 150 -52032 0
24400.0 150 -52032 1
24400.0 150 -52032 0
21400.0 150 -52032 1
21400.0 150 -52032 0
18400.0 150 -52032 1
18400.0 150 -52032 0
15400.0 150 -52032 1
15400.0 150 -52032 0
12400.0 150 -52032 1
12400.0 150 -52032 0
9400.0 150 -52032 1
9400.0 150 -52032 0
6400.0 150 -52032 1
6400.0 150 -52032 0
3400.0 150 -52032 1
3400.0 150 -52032 0
3400.0 150 -52032 1
3400.0 150 -52032 0
6400.0 150 -52032 1
6400.0 150 -52032 0
9400.0 150 -52032 1
9400.0 150 -52032 0
12400.0 150 -52032 1
12400.0 150 -52032 0
15400.0 150 -52032 1
15400.0 150 -52032 0
18400.0 150 -52032 1
18400.0 150 -52032 0
21400.0 150 -52032 1
21400.0 150 -52032 0
24400.0 150 -52032 1
24400.0 150 -52032 0
27400.0 150 -52032 1
27400.0 150 -52032 0
27400.0 150 -52032 1
27400.0 150 -52032 0
24400.0 150 -52032 1
24400.0 150 -52032 0
21400.0 150 -52032 1
21400.0 150 -52032 0
18400.0 150 -52032 1
18400.0 150 -52032 0
15400.0 150 -52032 1
15400.0 150 -52032 0
12400.0 150 -52032 1
12400.0 150 -52032 0
9400.0 150 -52032 1
9400.0 150 -52032 0
6400.0 150 -52032 1
6400.0 150 -52032 0
3400.0 150 -52032 1
3400.0 150 -52032 0
3400.0 150 -52032 1
3400.0 150 -52032 0
6400.0 150 -52032 1
6400.0 150 -52032 0
9400.0 150 -52032 1
9400.0 150 -52032 0
12400.0 150 -52032 1
12400.0 150 -52032 0
15400.0 150 -52032 1
15400.0 150 -52032 0
18400.0 150 -52032 1
18400.0 150 -52032 0
21400.0 150 -52032 1
21400.0 150 -52032 0
24400.0 150 -52032 1
24400.0 150 -52032 0
27400.0 150 -52032 1
27400.0 150 -52032 0
27400.0 150 -52032 1
27400.0 150 -52032 0
24400.0 150 -52032 1
24400.0 150 -52032 0
21400.0 150 -52032 1
21400.0 150 -52032 0
18400.0 150 -52032 1
18400.0 150 -52032 0
15400.0 150 -52032 1
15400.0 150 -52032 0
12400.0 150 -52032 1
12400.0 150 -52032 0
9400.0 150 -52032 1
9400.0 150 -52032 0
6400.0 150 -52032 1
6400.0 150 -52032 0
3400.0 150 -52032 1
3400.0 150 -52032 0
3400.0 4150 -32032 1
3400.0 4150 -32032 0
6400.0 4150 -32032 1
6400.0 4150 -32032 0
9400.0 4150 -32032 1
9400.0 4150 -32032 0
12400.0 4150 -32032 1
12400.0 4150 -32032 0
15400.0 4150 -32032 1
15400.0 4150 -32032 0
18400.0 4150 -32032 1
18400.0 4150 -32032 0
21400.0 4150 -32032 1
21400.0 4150 -32032 0
24400.0 4150 -32032 1
24400.0 4150 -32032 0
27400.0 4150 -32032 1
27400.0 4150 -32032 0
27400.0 4150 -32032 1
27400.0 4150 -32032 0
24400.0 4150 -32032 1
24400.0 4150 -32032 0
21400.0 4150 -32032 1
21400.0 4150 -32032 0
18400.0 4150 -32032 1
18400.0 4150 -32032 0
15400.0 4150 -32032 1
15400.0 4150 -32032 0
12400.0 4150 -32032 1
12400.0 4150 -32032 0
9400.0 4150 -32032 1
9400.0 4150 -32032 0
6400.0 4150 -32032 1
6400.0 4150 -32032 0
3400.0 4150 -32032 1
3400.0 4150 -32032 0
3400.0 4150 -32032 1
3400.0 4150 -32032 0
6400.0 4150 -32032 1
6400.0 4150 -32032 0
9400.0 4150 -32032 1
9400.0 4150 -32032 0
12400.0 4150 -32032 1
12400.0 4150 -32032 0
15400.0 4150 -32032 1
15400.0 4150 -32032 0
18400.0 4150 -32032 1
18400.0 4150 -32032 0
21400.0 4150 -32032 1
21400.0 4150 -32032 0
24400.0 4150 -32032 1
24400.0 4150 -32032 0
27400.0 4150 -32032 1
27400.0 4150 -32032 0
27400.0 4150 -32032 1
27400.0 4150 -32032 0
24400.0 4150 -32032 1
24400.0 4150 -32032 0
21400.0 4150 -32032 1
21400.0 4150 -32032 0
18400.0 4150 -32032 1
18400.0 4150 -32032 0
15400.0 4150 -32032 1
15400.0 4150 -32032 0
12400.0 4150 -32032 1
12400.0 4150 -32032 0
9400.0 4150 -32032 1
9400.0 4150 -32032 0
6400.0 4150 -32032 1
6400.0 4150 -32032 0
3400.0 4150 -32032 1
3400.0 4150 -32032 0
3400.0 4150 -32032 1
3400.0 4150 -32032 0
6400.0 4150 -32032 1
6400.0 4150 -32032 0
9400.0 4150 -32032 1
9400.0 4150 -32032 0
12400.0 4150 -32032 1
12400.0 4150 -32032 0
15400.0 4150 -32032 1
15400.0 4150 -32032 0
18400.0 4150 -32032 1
18400.0 4150 -32032 0
21400.0 4150 -32032 1
21400.0 4150 -32032 0
24400.0 4150 -32032 1
24400.0 4150 -32032 0
27400.0 4150 -32032 1
27400.0 4150 -32032 0
27400.0 4150 -32032 1
27400.0 4150 -32032 0
24400.0 4150 -32032 1
24400.0 4150 -32032 0
21400.0 4150 -32032 1
21400.0 4150 -32032 0
18400.0 4150 -32032 1
18400.0 4150 -32032 0
15400.0 4150 -32032 1
15400.0 4150 -32032 0
12400.0 4150 -32032 1
12400.0 4150 -32032 0
9400.0 4150 -32032 1
9400.0 4150 -32032 0
6400.0 4150 -32032 1
6400.0 4150 -32032 0
3400.0 4150 -32032 1
3400.0 4150 -32032 0
3400.0 4150 -32032 1
3400.0 4150 -32032 0
6400.0 4150 -32032 1
6400.0 4150 -32032 0
9400.0 4150 -32032 1
9400.0 4150 -32032 0
12400.0 4150 -32032 1
12400.0 4150 -32032 0
15400.0 4150 -32032 1
15400.0 4150 -32032 0
18400.0 4150 -32032 1
18400.0 4150 -32032 0
21400.0 4150 -32032 1
21400.0 4150 -32032 0
24400.0 4150 -32032 1
24400.0 4150 -32032 0
27400.0 4150 -32032 1
27400.0 4150 -32032 0
27400.0 4150 -32032 1
27400.0 4150 -32032 0
24400.0 4150 -32032 1
24400.0 4150 -32032 0
21400.0 4150 -32032 1
21400.0 4150 -32032 0
18400.0 4150 -32032 1
18400.0 4150 -32032 0
15400.0 4150 -32032 1
15400.0 4150 -32032 0
12400.0 4150 -32032 1
12400.0 4150 -32032 0
9400.0 4150 -32032 1
9400.0 4150 -32032 0
6400.0 4150 -32032 1
6400.0 4150 -32032 0
3400.0 4150 -32032 1
3400.0 4150 -32032 0
3400.0 8150 -32032 1
3400.0 8150 -32032 0
6400.0 8150 -32032 1
6400.0 8150 -32032 0
9400.0 8150 -32032 1
9400.0 8150 -32032 0
12400.0 8150 -32032 1
12400.0 8150 -32032 0
15400.0 8150 -32032 1
15400.0 8150 -32032 0
18400.0 8150 -32032 1
18400.0 8150 -32032 0
21400.0 8150 -32032 1
21400.0 8150 -32032 0
24400.0 8150 -32032 1
24400.0 8150 -32032 0
27400.0 8150 -32032 1
27400.0 8150 -32032 0
27400.0 8150 -32032 1
27400.0 8150 -32032 0
24400.0 8150 -32032 1
24400.0 8150 -32032 0
21400.0 8150 -32032 1
21400.0 8150 -32032 0
18400.0 8150 -32032 1
18400.0 8150 -32032 0
15400.0 8150 -32032 1
15400.0 8150 -32032 0
12400.0 8150 -32032 1
12400.0 8150 -32032 0
9400.0 8150 -32032 1
9400.0 8150 -32032 0
6400.0 8150 -32032 1
6400.0 8150 -32032 0
3400.0 8150 -32032 1
3400.0 8150 -32032 0
3400.0 8150 -32032 1
3400.0 8150 -32032 0
6400.0 8150 -32032 1
6400.0 8150 -32032 0
9400.0 8150 -32032 1
9400.0 8150 -32032 0
12400.0 8150 -32032 1
12400.0 8150 -32032 0
15400.0 8150 -32032 1
15400.0 8150 -32032 0
18400.0 8150 -32032 1
18400.0 8150 -32032 0
21400.0 8150 -32032 1
21400.0 8150 -32032 0
24400.0 8150 -32032 1
24400.0 8150 -32032 0
27400.0 8150 -32032 1
27400.0 8150 -32032 0
27400.0 8150 -32032 1
27400.0 8150 -32032 0
24400.0 8150 -32032 1
24400.0 8150 -32032 0
21400.0 8150 -32032 1
21400.0 8150 -32032 0
18400.0 8150 -32032 1
18400.0 8150 -32032 0
15400.0 8150 -32032 1
15400.0 8150 -32032 0
12400.0 8150 -32032 1
12400.0 8150 -32032 0
9400.0 8150 -32032 1
9400.0 8150 -32032 0
6400.0 8150 -32032 1
6400.0 8150 -32032 0
3400.0 8150 -32032 1
3400.0 8150 -32032 0
3400.0 8150 -32032 1
3400.0 8150 -32032 0
6400.0 8150 -32032 1
6400.0 8150 -32032 0
9400.0 8150 -32032 1
9400.0 8150 -32032 0
12400.0 8150 -32032 1
12400.0 8150 -32032 0
15400.0 8150 -32032 1
15400.0 8150 -32032 0
18400.0 8150 -32032 1
18400.0 8150 -32032 0
21400.0 8150 -32032 1
21400.0 8150 -32032 0
24400.0 8150 -32032 1
24400.0 8150 -32032 0
27400.0 8150 -32032 1
27400.0 8150 -32032 0
27400.0 8150 -32032 1
27400.0 8150 -32032 0
24400.0 8150 -32032 1
24400.0 8150 -32032 0
21400.0 8150 -32032 1
21400.0 8150 -32032 0
18400.0 8150 -32032 1
18400.0 8150 -32032 0
15400.0 8150 -32032 1
15400.0 8150 -32032 0
12400.0 8150 -32032 1
12400.0 8150 -32032 0
9400.0 8150 -32032 1
9400.0 8150 -32032 0
6400.0 8150 -32032 1
6400.0 8150 -32032 0
3400.0 8150 -32032 1
3400.0 8150 -32032 0
3400.0 8150 -32032 1
3400.0 8150 -32032 0
6400.0 8150 -32032 1
6400.0 8150 -32032 0
9400.0 8150 -32032 1
9400.0 8150 -32032 0
12400.0 8150 -32032 1
12400.0 8150 -32032 0
15400.0 8150 -32032 1
15400.0 8150 -32032 0
18400.0 8150 -32032 1
18400.0 8150 -32032 0
21400.0 8150 -32032 1
21400.0 8150 -32032 0
24400.0 8150 -32032 1
24400.0 8150 -32032 0
27400.0 8150 -32032 1
27400.0 8150 -32032 0
27400.0 8150 -32032 1
27400.0 8150 -32032 0
24400.0 8150 -32032 1
24400.0 8150 -32032 0
21400.0 8150 -32032 1
21400.0 8150 -32032 0
18400.0 8150 -32032 1
18400.0 8150 -32032 0
15400.0 8150 -32032 1
15400.0 8150 -32032 0
12400.0 8150 -32032 1
12400.0 8150 -32032 0
9400.0 8150 -32032 1
9400.0 8150 -32032 0
6400.0 8150 -32032 1
6400.0 8150 -32032 0
3400.0 8150 -32032 1
3400.0 8150 -32032 0
3400.0 -3850 -32032 1
3400.0 -3850 -32032 0
6400.0 -3850 -32032 1
6400.0 -3850 -32032 0
9400.0 -3850 -32032 1
9400.0 -3850 -32032 0
12400.0 -3850 -32032 1
12400.0 -3850 -32032 0
15400.0 -3850 -32032 1
15400.0 -3850 -32032 0
18400.0 -3850 -32032 1
18400.0 -3850 -32032 0
21400.0 -3850 -32032 1
21400.0 -3850 -32032 0
24400.0 -3850 -32032 1
24400.0 -3850 -32032 0
27400.0 -3850 -32032 1
27400.0 -3850 -32032 0
27400.0 -3850 -32032 1
27400.0 -3850 -32032 0
24400.0 -3850 -32032 1
24400.0 -3850 -32032 0
21400.0 -3850 -32032 1
21400.0 -3850 -32032 0
18400.0 -3850 -32032 1
18400.0 -3850 -32032 0
15400.0 -3850 -32032 1
15400.0 -3850 -32032 0
12400.0 -3850 -32032 1
12400.0 -3850 -32032 0
9400.0 -3850 -32032 1
9400.0 -3850 -32032 0
6400.0 -3850 -32032 1
6400.0 -3850 -32032 0
3400.0 -3850 -32032 1
3400.0 -3850 -32032 0
3400.0 -3850 -32032 1
3400.0 -3850 -32032 0
6400.0 -3850 -32032 1
6400.0 -3850 -32032 0
9400.0 -3850 -32032 1
9400.0 -3850 -32032 0
12400.0 -3850 -32032 1
12400.0 -3850 -32032 0
15400.0 -3850 -32032 1
15400.0 -3850 -32032 0
18400.0 -3850 -32032 1
18400.0 -3850 -32032 0
21400.0 -3850 -32032 1
21400.0 -3850 -32032 0
24400.0 -3850 -32032 1
24400.0 -3850 -32032 0
27400.0 -3850 -32032 1
27400.0 -3850 -32032 0
27400.0 -3850 -32032 1
27400.0 -3850 -32032 0
24400.0 -3850 -32032 1
24400.0 -3850 -32032 0
21400.0 -3850 -32032 1
21400.0 -3850 -32032 0
18400.0 -3850 -32032 1
18400.0 -3850 -32032 0
15400.0 -3850 -32032 1
15400.0 -3850 -32032 0
12400.0 -3850 -32032 1
12400.0 -3850 -32032 0
9400.0 -3850 -32032 1
9400.0 -3850 -32032 0
6400.0 -3850 -32032 1
6400.0 -3850 -32032 0
3400.0 -3850 -32032 1
3400.0 -3850 -32032 0
3400.0 -3850 -32032 1
3400.0 -3850 -32032 0
6400.0 -3850 -32032 1
6400.0 -3850 -32032 0
9400.0 -3850 -32032 1
9400.0 -3850 -32032 0
12400.0 -3850 -32032 1
12400.0 -3850 -32032 0
15400.0 -3850 -32032 1
15400.0 -3850 -32032 0
18400.0 -3850 -32032 1
18400.0 -3850 -32032 0
21400.0 -3850 -32032 1
21400.0 -3850 -32032 0
24400.0 -3850 -32032 1
24400.0 -3850 -32032 0
27400.0 -3850 -32032 1
27400.0 -3850 -32032 0
27400.0 -3850 -32032 1
27400.0 -3850 -32032 0
24400.0 -3850 -32032 1
24400.0 -3850 -32032 0
21400.0 -3850 -32032 1
21400.0 -3850 -32032 0
18400.0 -3850 -32032 1
18400.0 -3850 -32032 0
15400.0 -3850 -32032 1
15400.0 -3850 -32032 0
12400.0 -3850 -32032 1
12400.0 -3850 -32032 0
9400.0 -3850 -32032 1
9400.0 -3850 -32032 0
6400.0 -3850 -32032 1
6400.0 -3850 -32032 0
3400.0 -3850 -32032 1
3400.0 -3850 -32032 0
3400.0 -3850 -32032 1
3400.0 -3850 -32032 0
6400.0 -3850 -32032 1
6400.0 -3850 -32032 0
9400.0 -3850 -32032 1
9400.0 -3850 -32032 0
12400.0 -3850 -32032 1
12400.0 -3850 -32032 0
15400.0 -3850 -32032 1
15400.0 -3850 -32032 0
18400.0 -3850 -32032 1
18400.0 -3850 -32032 0
21400.0 -3850 -32032 1
21400.0 -3850 -32032 0
24400.0 -3850 -32032 1
24400.0 -3850 -32032 0
27400.0 -3850 -32032 1
27400.0 -3850 -32032 0
27400.0 -3850 -32032 1
27400.0 -3850 -32032 0
24400.0 -3850 -32032 1
24400.0 -3850 -32032 0
21400.0 -3850 -32032 1
21400.0 -3850 -32032 0
18400.0 -3850 -32032 1
18400.0 -3850 -32032 0
15400.0 -3850 -32032 1
15400.0 -3850 -32032 0
12400.0 -3850 -32032 1
12400.0 -3850 -32032 0
9400.0 -3850 -32032 1
9400.0 -3850 -32032 0
6400.0 -3850 -32032 1
6400.0 -3850 -32032 0
3400.0 -3850 -32032 1
3400.0 -3850 -32032 0
3400.0 150 -32032 1
3400.0 150 -32032 0
6400.0 150 -32032 1
6400.0 150 -32032 0
9400.0 150 -32032 1
9400.0 150 -32032 0
12400.0 150 -32032 1
12400.0 150 -32032 0
15400.0 150 -32032 1
15400.0 150 -32032 0
18400.0 150 -32032 1
18400.0 150 -32032 0
21400.0 150 -32032 1
21400.0 150 -32032 0
24400.0 150 -32032 1
24400.0 150 -32032 0
27400.0 150 -32032 1
27400.0 150 -32032 0
27400.0 150 -32032 1
27400.0 150 -32032 0
24400.0 150 -32032 1
24400.0 150 -32032 0
21400.0 150 -32032 1
21400.0 150 -32032 0
18400.0 150 -32032 1
18400.0 150 -32032 0
15400.0 150 -32032 1
15400.0 150 -32032 0
12400.0 150 -32032 1
12400.0 150 -32032 0
9400.0 150 -32032 1
9400.0 150 -32032 0
6400.0 150 -32032 1
6400.0 150 -32032 0
3400.0 150 -32032 1
3400.0 150 -32032 0
3400.0 150 -32032 1
3400.0 150 -32032 0
6400.0 150 -32032 1
6400.0 150 -32032 0
9400.0 150 -32032 1
9400.0 150 -32032 0
12400.0 150 -32032 1
12400.0 150 -32032 0
15400.0 150 -32032 1
15400.0 150 -32032 0
18400.0 150 -32032 1
18400.0 150 -32032 0
21400.0 150 -32032 1
21400.0 150 -32032 0
24400.0 150 -32032 1
24400.0 150 -32032 0
27400.0 150 -32032 1
27400.0 150 -32032 0
27400.0 150 -32032 1
27400.0 150 -32032 0
24400.0 150 -32032 1
24400.0 150 -32032 0
21400.0 150 -32032 1
21400.0 150 -32032 0
18400.0 150 -32032 1
18400.0 150 -32032 0
15400.0 150 -32032 1
15400.0 150 -32032 0
12400.0 150 -32032 1
12400.0 150 -32032 0
9400.0 150 -32032 1
9400.0 150 -32032 0
6400.0 150 -32032 1
6400.0 150 -32032 0
3400.0 150 -32032 1
3400.0 150 -32032 0
3400.0 150 -32032 1
3400.0 150 -32032 0
6400.0 150 -32032 1
6400.0 150 -32032 0
9400.0 150 -32032 1
9400.0 150 -32032 0
12400.0 150 -32032 1
12400.0 150 -32032 0
15400.0 150 -32032 1
15400.0 150 -32032 0
18400.0 150 -32032 1
18400.0 150 -32032 0
21400.0 150 -32032 1
21400.0 150 -32032 0
24400.0 150 -32032 1
24400.0 150 -32032 0
27400.0 150 -32032 1
27400.0 150 -32032 0
27400.0 150 -32032 1
27400.0 150 -32032 0
24400.0 150 -32032 1
24400.0 150 -32032 0
21400.0 150 -32032 1
21400.0 150 -32032 0
18400.0 150 -32032 1
18400.0 150 -32032 0
15400.0 150 -32032 1
15400.0 150 -32032 0
12400.0 150 -32032 1
12400.0 150 -32032 0
9400.0 150 -32032 1
9400.0 150 -32032 0
6400.0 150 -32032 1
6400.0 150 -32032 0
3400.0 150 -32032 1
3400.0 150 -32032 0
3400.0 150 -32032 1
3400.0 150 -32032 0
6400.0 150 -32032 1
6400.0 150 -32032 0
9400.0 150 -32032 1
9400.0 150 -32032 0
12400.0 150 -32032 1
12400.0 150 -32032 0
15400.0 150 -32032 1
15400.0 150 -32032 0
18400.0 150 -32032 1
18400.0 150 -32032 0
21400.0 150 -32032 1
21400.0 150 -32032 0
24400.0 150 -32032 1
24400.0 150 -32032 0
27400.0 150 -32032 1
27400.0 150 -32032 0
27400.0 150 -32032 1
27400.0 150 -32032 0
24400.0 150 -32032 1
24400.0 150 -32032 0
21400.0 150 -32032 1
21400.0 150 -32032 0
18400.0 150 -32032 1
18400.0 150 -32032 0
15400.0 150 -32032 1
15400.0 150 -32032 0
12400.0 150 -32032 1
12400.0 150 -32032 0
9400.0 150 -32032 1
9400.0 150 -32032 0
6400.0 150 -32032 1
6400.0 150 -32032 0
3400.0 150 -32032 1
3400.0 150 -32032 0