4525 4050 -70000.0 1
4525 4050 -70000.0 0
4525 4050 -66500.0 1
4525 4050 -66500.0 0
4525 4050 -63000.0 1
4525 4050 -63000.0 0
4525 4050 -59500.0 1
4525 4050 -59500.0 0
4525 4050 -56000.0 1
4525 4050 -56000.0 0
4525 4050 -52500.0 1
4525 4050 -52500.0 0
4525 4050 -49000.0 1
4525 4050 -49000.0 0
4525 4050 -45500.0 1
4525 4050 -45500.0 0
4525 4050 -42000.0 1
4525 4050 -42000.0 0
4525 4050 -38500.0 1
4525 4050 -38500.0 0
4525 4050 -35000.0 1
4525 4050 -35000.0 0
4525 4050 -35000.0 1
4525 4050 -35000.0 0
4525 4050 -38500.0 1
4525 4050 -38500.0 0
4525 4050 -42000.0 1
4525 4050 -42000.0 0
4525 4050 -45500.0 1
4525 4050 -45500.0 0
4525 4050 -49000.0 1
4525 4050 -49000.0 0
4525 4050 -52500.0 1
4525 4050 -52500.0 0
4525 4050 -56000.0 1
4525 4050 -56000.0 0
4525 4050 -59500.0 1
4525 4050 -59500.0 0
4525 4050 -63000.0 1
4525 4050 -63000.0 0
4525 4050 -66500.0 1
4525 4050 -66500.0 0
4525 4050 -70000.0 1
4525 4050 -70000.0 0
4525 4050 -70000.0 1
4525 4050 -70000.0 0
4525 4050 -66500.0 1
4525 4050 -66500.0 0
4525 4050 -63000.0 1
4525 4050 -63000.0 0
4525 4050 -59500.0 1
4525 4050 -59500.0 0
4525 4050 -56000.0 1
4525 4050 -56000.0 0
4525 4050 -52500.0 1
4525 4050 -52500.0 0
4525 4050 -49000.0 1
4525 4050 -49000.0 0
4525 4050 -45500.0 1
4525 4050 -45500.0 0
4525 4050 -42000.0 1
4525 4050 -42000.0 0
4525 4050 -38500.0 1
4525 4050 -38500.0 0
4525 4050 -35000.0 1
4525 4050 -35000.0 0
4525 4050 -35000.0 1
4525 4050 -35000.0 0
4525 4050 -38500.0 1
4525 4050 -38500.0 0
4525 4050 -42000.0 1
4525 4050 -42000.0 0
4525 4050 -45500.0 1
4525 4050 -45500.0 0
4525 4050 -49000.0 1
4525 4050 -49000.0 0
4525 4050 -52500.0 1
4525 4050 -52500.0 0
4525 4050 -56000.0 1
4525 4050 -56000.0 0
4525 4050 -59500.0 1
4525 4050 -59500.0 0
4525 4050 -63000.0 1
4525 4050 -63000.0 0
4525 4050 -66500.0 1
4525 4050 -66500.0 0
4525 4050 -70000.0 1
4525 4050 -70000.0 0
2525.0 4050 -52032 1
2525.0 4050 -52032 0
4525.0 4050 -52032 1
4525.0 4050 -52032 0
6525.0 4050 -52032 1
6525.0 4050 -52032 0
8525.0 4050 -52032 1
8525.0 4050 -52032 0
10525.0 4050 -52032 1
10525.0 4050 -52032 0
12525.0 4050 -52032 1
12525.0 4050 -52032 0
14525.0 4050 -52032 1
14525.0 4050 -52032 0
16525.0 4050 -52032 1
16525.0 4050 -52032 0
18525.0 4050 -52032 1
18525.0 4050 -52032 0
20525.0 4050 -52032 1
20525.0 4050 -52032 0
22525.0 4050 -52032 1
22525.0 4050 -52032 0
24525.0 4050 -52032 1
24525.0 4050 -52032 0
26525.0 4050 -52032 1
26525.0 4050 -52032 0
28525.0 4050 -52032 1
28525.0 4050 -52032 0
30525.0 4050 -52032 1
30525.0 4050 -52032 0
30525.0 4050 -52032 1
30525.0 4050 -52032 0
28525.0 4050 -52032 1
28525.0 4050 -52032 0
26525.0 4050 -52032 1
26525.0 4050 -52032 0
24525.0 4050 -52032 1
24525.0 4050 -52032 0
22525.0 4050 -52032 1
22525.0 4050 -52032 0
20525.0 4050 -52032 1
20525.0 4050 -52032 0
18525.0 4050 -52032 1
18525.0 4050 -52032 0
16525.0 4050 -52032 1
16525.0 4050 -52032 0
14525.0 4050 -52032 1
14525.0 4050 -52032 0
12525.0 4050 -52032 1
12525.0 4050 -52032 0
10525.0 4050 -52032 1
10525.0 4050 -52032 0
8525.0 4050 -52032 1
8525.0 4050 -52032 0
6525.0 4050 -52032 1
6525.0 4050 -52032 0
4525.0 4050 -52032 1
4525.0 4050 -52032 0
2525.0 4050 -52032 1
2525.0 4050 -52032 0
2525.0 4050 -52032 1
2525.0 4050 -52032 0
4525.0 4050 -52032 1
4525.0 4050 -52032 0
6525.0 4050 -52032 1
6525.0 4050 -52032 0
8525.0 4050 -52032 1
8525.0 4050 -52032 0
10525.0 4050 -52032 1
10525.0 4050 -52032 0
12525.0 4050 -52032 1
12525.0 4050 -52032 0
14525.0 4050 -52032 1
14525.0 4050 -52032 0
16525.0 4050 -52032 1
16525.0 4050 -52032 0
18525.0 4050 -52032 1
18525.0 4050 -52032 0
20525.0 4050 -52032 1
20525.0 4050 -52032 0
22525.0 4050 -52032 1
22525.0 4050 -52032 0
24525.0 4050 -52032 1
24525.0 4050 -52032 0
26525.0 4050 -52032 1
26525.0 4050 -52032 0
28525.0 4050 -52032 1
28525.0 4050 -52032 0
30525.0 4050 -52032 1
30525.0 4050 -52032 0
30525.0 4050 -52032 1
30525.0 4050 -52032 0
28525.0 4050 -52032 1
28525.0 4050 -52032 0
26525.0 4050 -52032 1
26525.0 4050 -52032 0
24525.0 4050 -52032 1
24525.0 4050 -52032 0
22525.0 4050 -52032 1
22525.0 4050 -52032 0
20525.0 4050 -52032 1
20525.0 4050 -52032 0
18525.0 4050 -52032 1
18525.0 4050 -52032 0
16525.0 4050 -52032 1
16525.0 4050 -52032 0
14525.0 4050 -52032 1
14525.0 4050 -52032 0
12525.0 4050 -52032 1
12525.0 4050 -52032 0
10525.0 4050 -52032 1
10525.0 4050 -52032 0
8525.0 4050 -52032 1
8525.0 4050 -52032 0
6525.0 4050 -52032 1
6525.0 4050 -52032 0
4525.0 4050 -52032 1
4525.0 4050 -52032 0
2525.0 4050 -52032 1
2525.0 4050 -52032 0
2525.0 8050 -52032 1
2525.0 8050 -52032 0
4525.0 8050 -52032 1
4525.0 8050 -52032 0
6525.0 8050 -52032 1
6525.0 8050 -52032 0
8525.0 8050 -52032 1
8525.0 8050 -52032 0
10525.0 8050 -52032 1
10525.0 8050 -52032 0
12525.0 8050 -52032 1
12525.0 8050 -52032 0
14525.0 8050 -52032 1
14525.0 8050 -52032 0
16525.0 8050 -52032 1
16525.0 8050 -52032 0
18525.0 8050 -52032 1
18525.0 8050 -52032 0
20525.0 8050 -52032 1
20525.0 8050 -52032 0
22525.0 8050 -52032 1
22525.0 8050 -52032 0
24525.0 8050 -52032 1
24525.0 8050 -52032 0
26525.0 8050 -52032 1
26525.0 8050 -52032 0
28525.0 8050 -52032 1
28525.0 8050 -52032 0
30525.0 8050 -52032 1
30525.0 8050 -52032 0
30525.0 8050 -52032 1
30525.0 8050 -52032 0
28525.0 8050 -52032 1
28525.0 8050 -52032 0
26525.0 8050 -52032 1
26525.0 8050 -52032 0
24525.0 8050 -52032 1
24525.0 8050 -52032 0
22525.0 8050 -52032 1
22525.0 8050 -52032 0
20525.0 8050 -52032 1
20525.0 8050 -52032 0
18525.0 8050 -52032 1
18525.0 8050 -52032 0
16525.0 8050 -52032 1
16525.0 8050 -52032 0
14525.0 8050 -52032 1
14525.0 8050 -52032 0
12525.0 8050 -52032 1
12525.0 8050 -52032 0
10525.0 8050 -52032 1
10525.0 8050 -52032 0
8525.0 8050 -52032 1
8525.0 8050 -52032 0
6525.0 8050 -52032 1
6525.0 8050 -52032 0
4525.0 8050 -52032 1
4525.0 8050 -52032 0
2525.0 8050 -52032 1
2525.0 8050 -52032 0
2525.0 8050 -52032 1
2525.0 8050 -52032 0
4525.0 8050 -52032 1
4525.0 8050 -52032 0
6525.0 8050 -52032 1
6525.0 8050 -52032 0
8525.0 8050 -52032 1
8525.0 8050 -52032 0
10525.0 8050 -52032 1
10525.0 8050 -52032 0
12525.0 8050 -52032 1
12525.0 8050 -52032 0
14525.0 8050 -52032 1
14525.0 8050 -52032 0
16525.0 8050 -52032 1
16525.0 8050 -52032 0
18525.0 8050 -52032 1
18525.0 8050 -52032 0
20525.0 8050 -52032 1
20525.0 8050 -52032 0
22525.0 8050 -52032 1
22525.0 8050 -52032 0
24525.0 8050 -52032 1
24525.0 8050 -52032 0
26525.0 8050 -52032 1
26525.0 8050 -52032 0
28525.0 8050 -52032 1
28525.0 8050 -52032 0
30525.0 8050 -52032 1
30525.0 8050 -52032 0
30525.0 8050 -52032 1
30525.0 8050 -52032 0
28525.0 8050 -52032 1
28525.0 8050 -52032 0
26525.0 8050 -52032 1
26525.0 8050 -52032 0
24525.0 8050 -52032 1
24525.0 8050 -52032 0
22525.0 8050 -52032 1
22525.0 8050 -52032 0
20525.0 8050 -52032 1
20525.0 8050 -52032 0
18525.0 8050 -52032 1
18525.0 8050 -52032 0
16525.0 8050 -52032 1
16525.0 8050 -52032 0
14525.0 8050 -52032 1
14525.0 8050 -52032 0
12525.0 8050 -52032 1
12525.0 8050 -52032 0
10525.0 8050 -52032 1
10525.0 8050 -52032 0
8525.0 8050 -52032 1
8525.0 8050 -52032 0
6525.0 8050 -52032 1
6525.0 8050 -52032 0
4525.0 8050 -52032 1
4525.0 8050 -52032 0
2525.0 8050 -52032 1
2525.0 8050 -52032 0
2525.0 -3950 -52032 1
2525.0 -3950 -52032 0
4525.0 -3950 -52032 1
4525.0 -3950 -52032 0
6525.0 -3950 -52032 1
6525.0 -3950 -52032 0
8525.0 -3950 -52032 1
8525.0 -3950 -52032 0
10525.0 -3950 -52032 1
10525.0 -3950 -52032 0
12525.0 -3950 -52032 1
12525.0 -3950 -52032 0
14525.0 -3950 -52032 1
14525.0 -3950 -52032 0
16525.0 -3950 -52032 1
16525.0 -3950 -52032 0
18525.0 -3950 -52032 1
18525.0 -3950 -52032 0
20525.0 -3950 -52032 1
20525.0 -3950 -52032 0
22525.0 -3950 -52032 1
22525.0 -3950 -52032 0
24525.0 -3950 -52032 1
24525.0 -3950 -52032 0
26525.0 -3950 -52032 1
26525.0 -3950 -52032 0
28525.0 -3950 -52032 1
28525.0 -3950 -52032 0
30525.0 -3950 -52032 1
30525.0 -3950 -52032 0
30525.0 -3950 -52032 1
30525.0 -3950 -52032 0
28525.0 -3950 -52032 1
28525.0 -3950 -52032 0
26525.0 -3950 -52032 1
26525.0 -3950 -52032 0
24525.0 -3950 -52032 1
24525.0 -3950 -52032 0
22525.0 -3950 -52032 1
22525.0 -3950 -52032 0
20525.0 -3950 -52032 1
20525.0 -3950 -52032 0
18525.0 -3950 -52032 1
18525.0 -3950 -52032 0
16525.0 -3950 -52032 1
16525.0 -3950 -52032 0
14525.0 -3950 -52032 1
14525.0 -3950 -52032 0
12525.0 -3950 -52032 1
12525.0 -3950 -52032 0
10525.0 -3950 -52032 1
10525.0 -3950 -52032 0
8525.0 -3950 -52032 1
8525.0 -3950 -52032 0
6525.0 -3950 -52032 1
6525.0 -3950 -52032 0
4525.0 -3950 -52032 1
4525.0 -3950 -52032 0
2525.0 -3950 -52032 1
2525.0 -3950 -52032 0
2525.0 -3950 -52032 1
2525.0 -3950 -52032 0
4525.0 -3950 -52032 1
4525.0 -3950 -52032 0
6525.0 -3950 -52032 1
6525.0 -3950 -52032 0
8525.0 -3950 -52032 1
8525.0 -3950 -52032 0
10525.0 -3950 -52032 1
10525.0 -3950 -52032 0
12525.0 -3950 -52032 1
12525.0 -3950 -52032 0
14525.0 -3950 -52032 1
14525.0 -3950 -52032 0
16525.0 -3950 -52032 1
16525.0 -3950 -52032 0
18525.0 -3950 -52032 1
18525.0 -3950 -52032 0
20525.0 -3950 -52032 1
20525.0 -3950 -52032 0
22525.0 -3950 -52032 1
22525.0 -3950 -52032 0
24525.0 -3950 -52032 1
24525.0 -3950 -52032 0
26525.0 -3950 -52032 1
26525.0 -3950 -52032 0
28525.0 -3950 -52032 1
28525.0 -3950 -52032 0
30525.0 -3950 -52032 1
30525.0 -3950 -52032 0
30525.0 -3950 -52032 1
30525.0 -3950 -52032 0
28525.0 -3950 -52032 1
28525.0 -3950 -52032 0
26525.0 -3950 -52032 1
26525.0 -3950 -52032 0
24525.0 -3950 -52032 1
24525.0 -3950 -52032 0
22525.0 -3950 -52032 1
22525.0 -3950 -52032 0
20525.0 -3950 -52032 1
20525.0 -3950 -52032 0
18525.0 -3950 -52032 1
18525.0 -3950 -52032 0
16525.0 -3950 -52032 1
16525.0 -3950 -52032 0
14525.0 -3950 -52032 1
14525.0 -3950 -52032 0
12525.0 -3950 -52032 1
12525.0 -3950 -52032 0
10525.0 -3950 -52032 1
10525.0 -3950 -52032 0
8525.0 -3950 -52032 1
8525.0 -3950 -52032 0
6525.0 -3950 -52032 1
6525.0 -3950 -52032 0
4525.0 -3950 -52032 1
4525.0 -3950 -52032 0
2525.0 -3950 -52032 1
2525.0 -3950 -52032 0
2525.0 50 -52032 1
2525.0 50 -52032 0
4525.0 50 -52032 1
4525.0 50 -52032 0
6525.0 50 -52032 1
6525.0 50 -52032 0
8525.0 50 -52032 1
8525.0 50 -52032 0
10525.0 50 -52032 1
10525.0 50 -52032 0
12525.0 50 -52032 1
12525.0 50 -52032 0
14525.0 50 -52032 1
14525.0 50 -52032 0
16525.0 50 -52032 1
16525.0 50 -52032 0
18525.0 50 -52032 1
18525.0 50 -52032 0
20525.0 50 -52032 1
20525.0 50 -52032 0
22525.0 50 -52032 1
22525.0 50 -52032 0
24525.0 50 -52032 1
24525.0 50 -52032 0
26525.0 50 -52032 1
26525.0 50 -52032 0
28525.0 50 -52032 1
28525.0 50 -52032 0
30525.0 50 -52032 1
30525.0 50 -52032 0
30525.0 50 -52032 1
30525.0 50 -52032 0
28525.0 50 -52032 1
28525.0 50 -52032 0
26525.0 50 -52032 1
26525.0 50 -52032 0
24525.0 50 -52032 1
24525.0 50 -52032 0
22525.0 50 -52032 1
22525.0 50 -52032 0
20525.0 50 -52032 1
20525.0 50 -52032 0
18525.0 50 -52032 1
18525.0 50 -52032 0
16525.0 50 -52032 1
16525.0 50 -52032 0
14525.0 50 -52032 1
14525.0 50 -52032 0
12525.0 50 -52032 1
12525.0 50 -52032 0
10525.0 50 -52032 1
10525.0 50 -52032 0
8525.0 50 -52032 1
8525.0 50 -52032 0
6525.0 50 -52032 1
6525.0 50 -52032 0
4525.0 50 -52032 1
4525.0 50 -52032 0
2525.0 50 -52032 1
2525.0 50 -52032 0
2525.0 50 -52032 1
2525.0 50 -52032 0
4525.0 50 -52032 1
4525.0 50 -52032 0
6525.0 50 -52032 1
6525.0 50 -52032 0
8525.0 50 -52032 1
8525.0 50 -52032 0
10525.0 50 -52032 1
10525.0 50 -52032 0
12525.0 50 -52032 1
12525.0 50 -52032 0
14525.0 50 -52032 1
14525.0 50 -52032 0
16525.0 50 -52032 1
16525.0 50 -52032 0
18525.0 50 -52032 1
18525.0 50 -52032 0
20525.0 50 -52032 1
20525.0 50 -52032 0
22525.0 50 -52032 1
22525.0 50 -52032 0
24525.0 50 -52032 1
24525.0 50 -52032 0
26525.0 50 -52032 1
26525.0 50 -52032 0
28525.0 50 -52032 1
28525.0 50 -52032 0
30525.0 50 -52032 1
30525.0 50 -52032 0
30525.0 50 -52032 1
30525.0 50 -52032 0
28525.0 50 -52032 1
28525.0 50 -52032 0
26525.0 50 -52032 1
26525.0 50 -52032 0
24525.0 50 -52032 1
24525.0 50 -52032 0
22525.0 50 -52032 1
22525.0 50 -52032 0
20525.0 50 -52032 1
20525.0 50 -52032 0
18525.0 50 -52032 1
18525.0 50 -52032 0
16525.0 50 -52032 1
16525.0 50 -52032 0
14525.0 50 -52032 1
14525.0 50 -52032 0
12525.0 50 -52032 1
12525.0 50 -52032 0
10525.0 50 -52032 1
10525.0 50 -52032 0
8525.0 50 -52032 1
8525.0 50 -52032 0
6525.0 50 -52032 1
6525.0 50 -52032 0
4525.0 50 -52032 1
4525.0 50 -52032 0
2525.0 50 -52032 1
2525.0 50 -52032 0