3400.0 4050 -64500.0 1
3400.0 4050 -64500.0 0
6400.0 4050 -64500.0 1
6400.0 4050 -64500.0 0
9400.0 4050 -64500.0 1
9400.0 4050 -64500.0 0
12400.0 4050 -64500.0 1
12400.0 4050 -64500.0 0
15400.0 4050 -64500.0 1
15400.0 4050 -64500.0 0
18400.0 4050 -64500.0 1
18400.0 4050 -64500.0 0
21400.0 4050 -64500.0 1
21400.0 4050 -64500.0 0
24400.0 4050 -64500.0 1
24400.0 4050 -64500.0 0
24400.0 4050 -64500.0 1
24400.0 4050 -64500.0 0
21400.0 4050 -64500.0 1
21400.0 4050 -64500.0 0
18400.0 4050 -64500.0 1
18400.0 4050 -64500.0 0
15400.0 4050 -64500.0 1
15400.0 4050 -64500.0 0
12400.0 4050 -64500.0 1
12400.0 4050 -64500.0 0
9400.0 4050 -64500.0 1
9400.0 4050 -64500.0 0
6400.0 4050 -64500.0 1
6400.0 4050 -64500.0 0
3400.0 4050 -64500.0 1
3400.0 4050 -64500.0 0
3400.0 4050 -64500.0 1
3400.0 4050 -64500.0 0
6400.0 4050 -64500.0 1
6400.0 4050 -64500.0 0
9400.0 4050 -64500.0 1
9400.0 4050 -64500.0 0
12400.0 4050 -64500.0 1
12400.0 4050 -64500.0 0
15400.0 4050 -64500.0 1
15400.0 4050 -64500.0 0
18400.0 4050 -64500.0 1
18400.0 4050 -64500.0 0
21400.0 4050 -64500.0 1
21400.0 4050 -64500.0 0
24400.0 4050 -64500.0 1
24400.0 4050 -64500.0 0
24400.0 4050 -64500.0 1
24400.0 4050 -64500.0 0
21400.0 4050 -64500.0 1
21400.0 4050 -64500.0 0
18400.0 4050 -64500.0 1
18400.0 4050 -64500.0 0
15400.0 4050 -64500.0 1
15400.0 4050 -64500.0 0
12400.0 4050 -64500.0 1
12400.0 4050 -64500.0 0
9400.0 4050 -64500.0 1
9400.0 4050 -64500.0 0
6400.0 4050 -64500.0 1
6400.0 4050 -64500.0 0
3400.0 4050 -64500.0 1
3400.0 4050 -64500.0 0
3400.0 4050 -64500.0 1
3400.0 4050 -64500.0 0
6400.0 4050 -64500.0 1
6400.0 4050 -64500.0 0
9400.0 4050 -64500.0 1
9400.0 4050 -64500.0 0
12400.0 4050 -64500.0 1
12400.0 4050 -64500.0 0
15400.0 4050 -64500.0 1
15400.0 4050 -64500.0 0
18400.0 4050 -64500.0 1
18400.0 4050 -64500.0 0
21400.0 4050 -64500.0 1
21400.0 4050 -64500.0 0
24400.0 4050 -64500.0 1
24400.0 4050 -64500.0 0
24400.0 4050 -64500.0 1
24400.0 4050 -64500.0 0
21400.0 4050 -64500.0 1
21400.0 4050 -64500.0 0
18400.0 4050 -64500.0 1
18400.0 4050 -64500.0 0
15400.0 4050 -64500.0 1
15400.0 4050 -64500.0 0
12400.0 4050 -64500.0 1
12400.0 4050 -64500.0 0
9400.0 4050 -64500.0 1
9400.0 4050 -64500.0 0
6400.0 4050 -64500.0 1
6400.0 4050 -64500.0 0
3400.0 4050 -64500.0 1
3400.0 4050 -64500.0 0
3400.0 4050 -64500.0 1
3400.0 4050 -64500.0 0
6400.0 4050 -64500.0 1
6400.0 4050 -64500.0 0
9400.0 4050 -64500.0 1
9400.0 4050 -64500.0 0
12400.0 4050 -64500.0 1
12400.0 4050 -64500.0 0
15400.0 4050 -64500.0 1
15400.0 4050 -64500.0 0
18400.0 4050 -64500.0 1
18400.0 4050 -64500.0 0
21400.0 4050 -64500.0 1
21400.0 4050 -64500.0 0
24400.0 4050 -64500.0 1
24400.0 4050 -64500.0 0
24400.0 4050 -64500.0 1
24400.0 4050 -64500.0 0
21400.0 4050 -64500.0 1
21400.0 4050 -64500.0 0
18400.0 4050 -64500.0 1
18400.0 4050 -64500.0 0
15400.0 4050 -64500.0 1
15400.0 4050 -64500.0 0
12400.0 4050 -64500.0 1
12400.0 4050 -64500.0 0
9400.0 4050 -64500.0 1
9400.0 4050 -64500.0 0
6400.0 4050 -64500.0 1
6400.0 4050 -64500.0 0
3400.0 4050 -64500.0 1
3400.0 4050 -64500.0 0
3400.0 8050 -64500.0 1
3400.0 8050 -64500.0 0
6400.0 8050 -64500.0 1
6400.0 8050 -64500.0 0
9400.0 8050 -64500.0 1
9400.0 8050 -64500.0 0
12400.0 8050 -64500.0 1
12400.0 8050 -64500.0 0
15400.0 8050 -64500.0 1
15400.0 8050 -64500.0 0
18400.0 8050 -64500.0 1
18400.0 8050 -64500.0 0
21400.0 8050 -64500.0 1
21400.0 8050 -64500.0 0
24400.0 8050 -64500.0 1
24400.0 8050 -64500.0 0
24400.0 8050 -64500.0 1
24400.0 8050 -64500.0 0
21400.0 8050 -64500.0 1
21400.0 8050 -64500.0 0
18400.0 8050 -64500.0 1
18400.0 8050 -64500.0 0
15400.0 8050 -64500.0 1
15400.0 8050 -64500.0 0
12400.0 8050 -64500.0 1
12400.0 8050 -64500.0 0
9400.0 8050 -64500.0 1
9400.0 8050 -64500.0 0
6400.0 8050 -64500.0 1
6400.0 8050 -64500.0 0
3400.0 8050 -64500.0 1
3400.0 8050 -64500.0 0
3400.0 8050 -64500.0 1
3400.0 8050 -64500.0 0
6400.0 8050 -64500.0 1
6400.0 8050 -64500.0 0
9400.0 8050 -64500.0 1
9400.0 8050 -64500.0 0
12400.0 8050 -64500.0 1
12400.0 8050 -64500.0 0
15400.0 8050 -64500.0 1
15400.0 8050 -64500.0 0
18400.0 8050 -64500.0 1
18400.0 8050 -64500.0 0
21400.0 8050 -64500.0 1
21400.0 8050 -64500.0 0
24400.0 8050 -64500.0 1
24400.0 8050 -64500.0 0
24400.0 8050 -64500.0 1
24400.0 8050 -64500.0 0
21400.0 8050 -64500.0 1
21400.0 8050 -64500.0 0
18400.0 8050 -64500.0 1
18400.0 8050 -64500.0 0
15400.0 8050 -64500.0 1
15400.0 8050 -64500.0 0
12400.0 8050 -64500.0 1
12400.0 8050 -64500.0 0
9400.0 8050 -64500.0 1
9400.0 8050 -64500.0 0
6400.0 8050 -64500.0 1
6400.0 8050 -64500.0 0
3400.0 8050 -64500.0 1
3400.0 8050 -64500.0 0
3400.0 8050 -64500.0 1
3400.0 8050 -64500.0 0
6400.0 8050 -64500.0 1
6400.0 8050 -64500.0 0
9400.0 8050 -64500.0 1
9400.0 8050 -64500.0 0
12400.0 8050 -64500.0 1
12400.0 8050 -64500.0 0
15400.0 8050 -64500.0 1
15400.0 8050 -64500.0 0
18400.0 8050 -64500.0 1
18400.0 8050 -64500.0 0
21400.0 8050 -64500.0 1
21400.0 8050 -64500.0 0
24400.0 8050 -64500.0 1
24400.0 8050 -64500.0 0
24400.0 8050 -64500.0 1
24400.0 8050 -64500.0 0
21400.0 8050 -64500.0 1
21400.0 8050 -64500.0 0
18400.0 8050 -64500.0 1
18400.0 8050 -64500.0 0
15400.0 8050 -64500.0 1
15400.0 8050 -64500.0 0
12400.0 8050 -64500.0 1
12400.0 8050 -64500.0 0
9400.0 8050 -64500.0 1
9400.0 8050 -64500.0 0
6400.0 8050 -64500.0 1
6400.0 8050 -64500.0 0
3400.0 8050 -64500.0 1
3400.0 8050 -64500.0 0
3400.0 8050 -64500.0 1
3400.0 8050 -64500.0 0
6400.0 8050 -64500.0 1
6400.0 8050 -64500.0 0
9400.0 8050 -64500.0 1
9400.0 8050 -64500.0 0
12400.0 8050 -64500.0 1
12400.0 8050 -64500.0 0
15400.0 8050 -64500.0 1
15400.0 8050 -64500.0 0
18400.0 8050 -64500.0 1
18400.0 8050 -64500.0 0
21400.0 8050 -64500.0 1
21400.0 8050 -64500.0 0
24400.0 8050 -64500.0 1
24400.0 8050 -64500.0 0
24400.0 8050 -64500.0 1
24400.0 8050 -64500.0 0
21400.0 8050 -64500.0 1
21400.0 8050 -64500.0 0
18400.0 8050 -64500.0 1
18400.0 8050 -64500.0 0
15400.0 8050 -64500.0 1
15400.0 8050 -64500.0 0
12400.0 8050 -64500.0 1
12400.0 8050 -64500.0 0
9400.0 8050 -64500.0 1
9400.0 8050 -64500.0 0
6400.0 8050 -64500.0 1
6400.0 8050 -64500.0 0
3400.0 8050 -64500.0 1
3400.0 8050 -64500.0 0
3400.0 -3950 -64500.0 1
3400.0 -3950 -64500.0 0
6400.0 -3950 -64500.0 1
6400.0 -3950 -64500.0 0
9400.0 -3950 -64500.0 1
9400.0 -3950 -64500.0 0
12400.0 -3950 -64500.0 1
12400.0 -3950 -64500.0 0
15400.0 -3950 -64500.0 1
15400.0 -3950 -64500.0 0
18400.0 -3950 -64500.0 1
18400.0 -3950 -64500.0 0
21400.0 -3950 -64500.0 1
21400.0 -3950 -64500.0 0
24400.0 -3950 -64500.0 1
24400.0 -3950 -64500.0 0
24400.0 -3950 -64500.0 1
24400.0 -3950 -64500.0 0
21400.0 -3950 -64500.0 1
21400.0 -3950 -64500.0 0
18400.0 -3950 -64500.0 1
18400.0 -3950 -64500.0 0
15400.0 -3950 -64500.0 1
15400.0 -3950 -64500.0 0
12400.0 -3950 -64500.0 1
12400.0 -3950 -64500.0 0
9400.0 -3950 -64500.0 1
9400.0 -3950 -64500.0 0
6400.0 -3950 -64500.0 1
6400.0 -3950 -64500.0 0
3400.0 -3950 -64500.0 1
3400.0 -3950 -64500.0 0
3400.0 -3950 -64500.0 1
3400.0 -3950 -64500.0 0
6400.0 -3950 -64500.0 1
6400.0 -3950 -64500.0 0
9400.0 -3950 -64500.0 1
9400.0 -3950 -64500.0 0
12400.0 -3950 -64500.0 1
12400.0 -3950 -64500.0 0
15400.0 -3950 -64500.0 1
15400.0 -3950 -64500.0 0
18400.0 -3950 -64500.0 1
18400.0 -3950 -64500.0 0
21400.0 -3950 -64500.0 1
21400.0 -3950 -64500.0 0
24400.0 -3950 -64500.0 1
24400.0 -3950 -64500.0 0
24400.0 -3950 -64500.0 1
24400.0 -3950 -64500.0 0
21400.0 -3950 -64500.0 1
21400.0 -3950 -64500.0 0
18400.0 -3950 -64500.0 1
18400.0 -3950 -64500.0 0
15400.0 -3950 -64500.0 1
15400.0 -3950 -64500.0 0
12400.0 -3950 -64500.0 1
12400.0 -3950 -64500.0 0
9400.0 -3950 -64500.0 1
9400.0 -3950 -64500.0 0
6400.0 -3950 -64500.0 1
6400.0 -3950 -64500.0 0
3400.0 -3950 -64500.0 1
3400.0 -3950 -64500.0 0
3400.0 -3950 -64500.0 1
3400.0 -3950 -64500.0 0
6400.0 -3950 -64500.0 1
6400.0 -3950 -64500.0 0
9400.0 -3950 -64500.0 1
9400.0 -3950 -64500.0 0
12400.0 -3950 -64500.0 1
12400.0 -3950 -64500.0 0
15400.0 -3950 -64500.0 1
15400.0 -3950 -64500.0 0
18400.0 -3950 -64500.0 1
18400.0 -3950 -64500.0 0
21400.0 -3950 -64500.0 1
21400.0 -3950 -64500.0 0
24400.0 -3950 -64500.0 1
24400.0 -3950 -64500.0 0
24400.0 -3950 -64500.0 1
24400.0 -3950 -64500.0 0
21400.0 -3950 -64500.0 1
21400.0 -3950 -64500.0 0
18400.0 -3950 -64500.0 1
18400.0 -3950 -64500.0 0
15400.0 -3950 -64500.0 1
15400.0 -3950 -64500.0 0
12400.0 -3950 -64500.0 1
12400.0 -3950 -64500.0 0
9400.0 -3950 -64500.0 1
9400.0 -3950 -64500.0 0
6400.0 -3950 -64500.0 1
6400.0 -3950 -64500.0 0
3400.0 -3950 -64500.0 1
3400.0 -3950 -64500.0 0
3400.0 -3950 -64500.0 1
3400.0 -3950 -64500.0 0
6400.0 -3950 -64500.0 1
6400.0 -3950 -64500.0 0
9400.0 -3950 -64500.0 1
9400.0 -3950 -64500.0 0
12400.0 -3950 -64500.0 1
12400.0 -3950 -64500.0 0
15400.0 -3950 -64500.0 1
15400.0 -3950 -64500.0 0
18400.0 -3950 -64500.0 1
18400.0 -3950 -64500.0 0
21400.0 -3950 -64500.0 1
21400.0 -3950 -64500.0 0
24400.0 -3950 -64500.0 1
24400.0 -3950 -64500.0 0
24400.0 -3950 -64500.0 1
24400.0 -3950 -64500.0 0
21400.0 -3950 -64500.0 1
21400.0 -3950 -64500.0 0
18400.0 -3950 -64500.0 1
18400.0 -3950 -64500.0 0
15400.0 -3950 -64500.0 1
15400.0 -3950 -64500.0 0
12400.0 -3950 -64500.0 1
12400.0 -3950 -64500.0 0
9400.0 -3950 -64500.0 1
9400.0 -3950 -64500.0 0
6400.0 -3950 -64500.0 1
6400.0 -3950 -64500.0 0
3400.0 -3950 -64500.0 1
3400.0 -3950 -64500.0 0
3400.0 50 -64500.0 1
3400.0 50 -64500.0 0
6400.0 50 -64500.0 1
6400.0 50 -64500.0 0
9400.0 50 -64500.0 1
9400.0 50 -64500.0 0
12400.0 50 -64500.0 1
12400.0 50 -64500.0 0
15400.0 50 -64500.0 1
15400.0 50 -64500.0 0
18400.0 50 -64500.0 1
18400.0 50 -64500.0 0
21400.0 50 -64500.0 1
21400.0 50 -64500.0 0
24400.0 50 -64500.0 1
24400.0 50 -64500.0 0
24400.0 50 -64500.0 1
24400.0 50 -64500.0 0
21400.0 50 -64500.0 1
21400.0 50 -64500.0 0
18400.0 50 -64500.0 1
18400.0 50 -64500.0 0
15400.0 50 -64500.0 1
15400.0 50 -64500.0 0
12400.0 50 -64500.0 1
12400.0 50 -64500.0 0
9400.0 50 -64500.0 1
9400.0 50 -64500.0 0
6400.0 50 -64500.0 1
6400.0 50 -64500.0 0
3400.0 50 -64500.0 1
3400.0 50 -64500.0 0
3400.0 50 -64500.0 1
3400.0 50 -64500.0 0
6400.0 50 -64500.0 1
6400.0 50 -64500.0 0
9400.0 50 -64500.0 1
9400.0 50 -64500.0 0
12400.0 50 -64500.0 1
12400.0 50 -64500.0 0
15400.0 50 -64500.0 1
15400.0 50 -64500.0 0
18400.0 50 -64500.0 1
18400.0 50 -64500.0 0
21400.0 50 -64500.0 1
21400.0 50 -64500.0 0
24400.0 50 -64500.0 1
24400.0 50 -64500.0 0
24400.0 50 -64500.0 1
24400.0 50 -64500.0 0
21400.0 50 -64500.0 1
21400.0 50 -64500.0 0
18400.0 50 -64500.0 1
18400.0 50 -64500.0 0
15400.0 50 -64500.0 1
15400.0 50 -64500.0 0
12400.0 50 -64500.0 1
12400.0 50 -64500.0 0
9400.0 50 -64500.0 1
9400.0 50 -64500.0 0
6400.0 50 -64500.0 1
6400.0 50 -64500.0 0
3400.0 50 -64500.0 1
3400.0 50 -64500.0 0
3400.0 50 -64500.0 1
3400.0 50 -64500.0 0
6400.0 50 -64500.0 1
6400.0 50 -64500.0 0
9400.0 50 -64500.0 1
9400.0 50 -64500.0 0
12400.0 50 -64500.0 1
12400.0 50 -64500.0 0
15400.0 50 -64500.0 1
15400.0 50 -64500.0 0
18400.0 50 -64500.0 1
18400.0 50 -64500.0 0
21400.0 50 -64500.0 1
21400.0 50 -64500.0 0
24400.0 50 -64500.0 1
24400.0 50 -64500.0 0
24400.0 50 -64500.0 1
24400.0 50 -64500.0 0
21400.0 50 -64500.0 1
21400.0 50 -64500.0 0
18400.0 50 -64500.0 1
18400.0 50 -64500.0 0
15400.0 50 -64500.0 1
15400.0 50 -64500.0 0
12400.0 50 -64500.0 1
12400.0 50 -64500.0 0
9400.0 50 -64500.0 1
9400.0 50 -64500.0 0
6400.0 50 -64500.0 1
6400.0 50 -64500.0 0
3400.0 50 -64500.0 1
3400.0 50 -64500.0 0
3400.0 50 -64500.0 1
3400.0 50 -64500.0 0
6400.0 50 -64500.0 1
6400.0 50 -64500.0 0
9400.0 50 -64500.0 1
9400.0 50 -64500.0 0
12400.0 50 -64500.0 1
12400.0 50 -64500.0 0
15400.0 50 -64500.0 1
15400.0 50 -64500.0 0
18400.0 50 -64500.0 1
18400.0 50 -64500.0 0
21400.0 50 -64500.0 1
21400.0 50 -64500.0 0
24400.0 50 -64500.0 1
24400.0 50 -64500.0 0
24400.0 50 -64500.0 1
24400.0 50 -64500.0 0
21400.0 50 -64500.0 1
21400.0 50 -64500.0 0
18400.0 50 -64500.0 1
18400.0 50 -64500.0 0
15400.0 50 -64500.0 1
15400.0 50 -64500.0 0
12400.0 50 -64500.0 1
12400.0 50 -64500.0 0
9400.0 50 -64500.0 1
9400.0 50 -64500.0 0
6400.0 50 -64500.0 1
6400.0 50 -64500.0 0
3400.0 50 -64500.0 1
3400.0 50 -64500.0 0
3400.0 4050 -34500.0 1
3400.0 4050 -34500.0 0
6400.0 4050 -34500.0 1
6400.0 4050 -34500.0 0
9400.0 4050 -34500.0 1
9400.0 4050 -34500.0 0
12400.0 4050 -34500.0 1
12400.0 4050 -34500.0 0
15400.0 4050 -34500.0 1
15400.0 4050 -34500.0 0
18400.0 4050 -34500.0 1
18400.0 4050 -34500.0 0
21400.0 4050 -34500.0 1
21400.0 4050 -34500.0 0
24400.0 4050 -34500.0 1
24400.0 4050 -34500.0 0
24400.0 4050 -34500.0 1
24400.0 4050 -34500.0 0
21400.0 4050 -34500.0 1
21400.0 4050 -34500.0 0
18400.0 4050 -34500.0 1
18400.0 4050 -34500.0 0
15400.0 4050 -34500.0 1
15400.0 4050 -34500.0 0
12400.0 4050 -34500.0 1
12400.0 4050 -34500.0 0
9400.0 4050 -34500.0 1
9400.0 4050 -34500.0 0
6400.0 4050 -34500.0 1
6400.0 4050 -34500.0 0
3400.0 4050 -34500.0 1
3400.0 4050 -34500.0 0
3400.0 4050 -34500.0 1
3400.0 4050 -34500.0 0
6400.0 4050 -34500.0 1
6400.0 4050 -34500.0 0
9400.0 4050 -34500.0 1
9400.0 4050 -34500.0 0
12400.0 4050 -34500.0 1
12400.0 4050 -34500.0 0
15400.0 4050 -34500.0 1
15400.0 4050 -34500.0 0
18400.0 4050 -34500.0 1
18400.0 4050 -34500.0 0
21400.0 4050 -34500.0 1
21400.0 4050 -34500.0 0
24400.0 4050 -34500.0 1
24400.0 4050 -34500.0 0
24400.0 4050 -34500.0 1
24400.0 4050 -34500.0 0
21400.0 4050 -34500.0 1
21400.0 4050 -34500.0 0
18400.0 4050 -34500.0 1
18400.0 4050 -34500.0 0
15400.0 4050 -34500.0 1
15400.0 4050 -34500.0 0
12400.0 4050 -34500.0 1
12400.0 4050 -34500.0 0
9400.0 4050 -34500.0 1
9400.0 4050 -34500.0 0
6400.0 4050 -34500.0 1
6400.0 4050 -34500.0 0
3400.0 4050 -34500.0 1
3400.0 4050 -34500.0 0
3400.0 4050 -34500.0 1
3400.0 4050 -34500.0 0
6400.0 4050 -34500.0 1
6400.0 4050 -34500.0 0
9400.0 4050 -34500.0 1
9400.0 4050 -34500.0 0
12400.0 4050 -34500.0 1
12400.0 4050 -34500.0 0
15400.0 4050 -34500.0 1
15400.0 4050 -34500.0 0
18400.0 4050 -34500.0 1
18400.0 4050 -34500.0 0
21400.0 4050 -34500.0 1
21400.0 4050 -34500.0 0
24400.0 4050 -34500.0 1
24400.0 4050 -34500.0 0
24400.0 4050 -34500.0 1
24400.0 4050 -34500.0 0
21400.0 4050 -34500.0 1
21400.0 4050 -34500.0 0
18400.0 4050 -34500.0 1
18400.0 4050 -34500.0 0
15400.0 4050 -34500.0 1
15400.0 4050 -34500.0 0
12400.0 4050 -34500.0 1
12400.0 4050 -34500.0 0
9400.0 4050 -34500.0 1
9400.0 4050 -34500.0 0
6400.0 4050 -34500.0 1
6400.0 4050 -34500.0 0
3400.0 4050 -34500.0 1
3400.0 4050 -34500.0 0
3400.0 4050 -34500.0 1
3400.0 4050 -34500.0 0
6400.0 4050 -34500.0 1
6400.0 4050 -34500.0 0
9400.0 4050 -34500.0 1
9400.0 4050 -34500.0 0
12400.0 4050 -34500.0 1
12400.0 4050 -34500.0 0
15400.0 4050 -34500.0 1
15400.0 4050 -34500.0 0
18400.0 4050 -34500.0 1
18400.0 4050 -34500.0 0
21400.0 4050 -34500.0 1
21400.0 4050 -34500.0 0
24400.0 4050 -34500.0 1
24400.0 4050 -34500.0 0
24400.0 4050 -34500.0 1
24400.0 4050 -34500.0 0
21400.0 4050 -34500.0 1
21400.0 4050 -34500.0 0
18400.0 4050 -34500.0 1
18400.0 4050 -34500.0 0
15400.0 4050 -34500.0 1
15400.0 4050 -34500.0 0
12400.0 4050 -34500.0 1
12400.0 4050 -34500.0 0
9400.0 4050 -34500.0 1
9400.0 4050 -34500.0 0
6400.0 4050 -34500.0 1
6400.0 4050 -34500.0 0
3400.0 4050 -34500.0 1
3400.0 4050 -34500.0 0
3400.0 8050 -34500.0 1
3400.0 8050 -34500.0 0
6400.0 8050 -34500.0 1
6400.0 8050 -34500.0 0
9400.0 8050 -34500.0 1
9400.0 8050 -34500.0 0
12400.0 8050 -34500.0 1
12400.0 8050 -34500.0 0
15400.0 8050 -34500.0 1
15400.0 8050 -34500.0 0
18400.0 8050 -34500.0 1
18400.0 8050 -34500.0 0
21400.0 8050 -34500.0 1
21400.0 8050 -34500.0 0
24400.0 8050 -34500.0 1
24400.0 8050 -34500.0 0
24400.0 8050 -34500.0 1
24400.0 8050 -34500.0 0
21400.0 8050 -34500.0 1
21400.0 8050 -34500.0 0
18400.0 8050 -34500.0 1
18400.0 8050 -34500.0 0
15400.0 8050 -34500.0 1
15400.0 8050 -34500.0 0
12400.0 8050 -34500.0 1
12400.0 8050 -34500.0 0
9400.0 8050 -34500.0 1
9400.0 8050 -34500.0 0
6400.0 8050 -34500.0 1
6400.0 8050 -34500.0 0
3400.0 8050 -34500.0 1
3400.0 8050 -34500.0 0
3400.0 8050 -34500.0 1
3400.0 8050 -34500.0 0
6400.0 8050 -34500.0 1
6400.0 8050 -34500.0 0
9400.0 8050 -34500.0 1
9400.0 8050 -34500.0 0
12400.0 8050 -34500.0 1
12400.0 8050 -34500.0 0
15400.0 8050 -34500.0 1
15400.0 8050 -34500.0 0
18400.0 8050 -34500.0 1
18400.0 8050 -34500.0 0
21400.0 8050 -34500.0 1
21400.0 8050 -34500.0 0
24400.0 8050 -34500.0 1
24400.0 8050 -34500.0 0
24400.0 8050 -34500.0 1
24400.0 8050 -34500.0 0
21400.0 8050 -34500.0 1
21400.0 8050 -34500.0 0
18400.0 8050 -34500.0 1
18400.0 8050 -34500.0 0
15400.0 8050 -34500.0 1
15400.0 8050 -34500.0 0
12400.0 8050 -34500.0 1
12400.0 8050 -34500.0 0
9400.0 8050 -34500.0 1
9400.0 8050 -34500.0 0
6400.0 8050 -34500.0 1
6400.0 8050 -34500.0 0
3400.0 8050 -34500.0 1
3400.0 8050 -34500.0 0
3400.0 8050 -34500.0 1
3400.0 8050 -34500.0 0
6400.0 8050 -34500.0 1
6400.0 8050 -34500.0 0
9400.0 8050 -34500.0 1
9400.0 8050 -34500.0 0
12400.0 8050 -34500.0 1
12400.0 8050 -34500.0 0
15400.0 8050 -34500.0 1
15400.0 8050 -34500.0 0
18400.0 8050 -34500.0 1
18400.0 8050 -34500.0 0
21400.0 8050 -34500.0 1
21400.0 8050 -34500.0 0
24400.0 8050 -34500.0 1
24400.0 8050 -34500.0 0
24400.0 8050 -34500.0 1
24400.0 8050 -34500.0 0
21400.0 8050 -34500.0 1
21400.0 8050 -34500.0 0
18400.0 8050 -34500.0 1
18400.0 8050 -34500.0 0
15400.0 8050 -34500.0 1
15400.0 8050 -34500.0 0
12400.0 8050 -34500.0 1
12400.0 8050 -34500.0 0
9400.0 8050 -34500.0 1
9400.0 8050 -34500.0 0
6400.0 8050 -34500.0 1
6400.0 8050 -34500.0 0
3400.0 8050 -34500.0 1
3400.0 8050 -34500.0 0
3400.0 8050 -34500.0 1
3400.0 8050 -34500.0 0
6400.0 8050 -34500.0 1
6400.0 8050 -34500.0 0
9400.0 8050 -34500.0 1
9400.0 8050 -34500.0 0
12400.0 8050 -34500.0 1
12400.0 8050 -34500.0 0
15400.0 8050 -34500.0 1
15400.0 8050 -34500.0 0
18400.0 8050 -34500.0 1
18400.0 8050 -34500.0 0
21400.0 8050 -34500.0 1
21400.0 8050 -34500.0 0
24400.0 8050 -34500.0 1
24400.0 8050 -34500.0 0
24400.0 8050 -34500.0 1
24400.0 8050 -34500.0 0
21400.0 8050 -34500.0 1
21400.0 8050 -34500.0 0
18400.0 8050 -34500.0 1
18400.0 8050 -34500.0 0
15400.0 8050 -34500.0 1
15400.0 8050 -34500.0 0
12400.0 8050 -34500.0 1
12400.0 8050 -34500.0 0
9400.0 8050 -34500.0 1
9400.0 8050 -34500.0 0
6400.0 8050 -34500.0 1
6400.0 8050 -34500.0 0
3400.0 8050 -34500.0 1
3400.0 8050 -34500.0 0
3400.0 -3950 -34500.0 1
3400.0 -3950 -34500.0 0
6400.0 -3950 -34500.0 1
6400.0 -3950 -34500.0 0
9400.0 -3950 -34500.0 1
9400.0 -3950 -34500.0 0
12400.0 -3950 -34500.0 1
12400.0 -3950 -34500.0 0
15400.0 -3950 -34500.0 1
15400.0 -3950 -34500.0 0
18400.0 -3950 -34500.0 1
18400.0 -3950 -34500.0 0
21400.0 -3950 -34500.0 1
21400.0 -3950 -34500.0 0
24400.0 -3950 -34500.0 1
24400.0 -3950 -34500.0 0
24400.0 -3950 -34500.0 1
24400.0 -3950 -34500.0 0
21400.0 -3950 -34500.0 1
21400.0 -3950 -34500.0 0
18400.0 -3950 -34500.0 1
18400.0 -3950 -34500.0 0
15400.0 -3950 -34500.0 1
15400.0 -3950 -34500.0 0
12400.0 -3950 -34500.0 1
12400.0 -3950 -34500.0 0
9400.0 -3950 -34500.0 1
9400.0 -3950 -34500.0 0
6400.0 -3950 -34500.0 1
6400.0 -3950 -34500.0 0
3400.0 -3950 -34500.0 1
3400.0 -3950 -34500.0 0
3400.0 -3950 -34500.0 1
3400.0 -3950 -34500.0 0
6400.0 -3950 -34500.0 1
6400.0 -3950 -34500.0 0
9400.0 -3950 -34500.0 1
9400.0 -3950 -34500.0 0
12400.0 -3950 -34500.0 1
12400.0 -3950 -34500.0 0
15400.0 -3950 -34500.0 1
15400.0 -3950 -34500.0 0
18400.0 -3950 -34500.0 1
18400.0 -3950 -34500.0 0
21400.0 -3950 -34500.0 1
21400.0 -3950 -34500.0 0
24400.0 -3950 -34500.0 1
24400.0 -3950 -34500.0 0
24400.0 -3950 -34500.0 1
24400.0 -3950 -34500.0 0
21400.0 -3950 -34500.0 1
21400.0 -3950 -34500.0 0
18400.0 -3950 -34500.0 1
18400.0 -3950 -34500.0 0
15400.0 -3950 -34500.0 1
15400.0 -3950 -34500.0 0
12400.0 -3950 -34500.0 1
12400.0 -3950 -34500.0 0
9400.0 -3950 -34500.0 1
9400.0 -3950 -34500.0 0
6400.0 -3950 -34500.0 1
6400.0 -3950 -34500.0 0
3400.0 -3950 -34500.0 1
3400.0 -3950 -34500.0 0
3400.0 -3950 -34500.0 1
3400.0 -3950 -34500.0 0
6400.0 -3950 -34500.0 1
6400.0 -3950 -34500.0 0
9400.0 -3950 -34500.0 1
9400.0 -3950 -34500.0 0
12400.0 -3950 -34500.0 1
12400.0 -3950 -34500.0 0
15400.0 -3950 -34500.0 1
15400.0 -3950 -34500.0 0
18400.0 -3950 -34500.0 1
18400.0 -3950 -34500.0 0
21400.0 -3950 -34500.0 1
21400.0 -3950 -34500.0 0
24400.0 -3950 -34500.0 1
24400.0 -3950 -34500.0 0
24400.0 -3950 -34500.0 1
24400.0 -3950 -34500.0 0
21400.0 -3950 -34500.0 1
21400.0 -3950 -34500.0 0
18400.0 -3950 -34500.0 1
18400.0 -3950 -34500.0 0
15400.0 -3950 -34500.0 1
15400.0 -3950 -34500.0 0
12400.0 -3950 -34500.0 1
12400.0 -3950 -34500.0 0
9400.0 -3950 -34500.0 1
9400.0 -3950 -34500.0 0
6400.0 -3950 -34500.0 1
6400.0 -3950 -34500.0 0
3400.0 -3950 -34500.0 1
3400.0 -3950 -34500.0 0
3400.0 -3950 -34500.0 1
3400.0 -3950 -34500.0 0
6400.0 -3950 -34500.0 1
6400.0 -3950 -34500.0 0
9400.0 -3950 -34500.0 1
9400.0 -3950 -34500.0 0
12400.0 -3950 -34500.0 1
12400.0 -3950 -34500.0 0
15400.0 -3950 -34500.0 1
15400.0 -3950 -34500.0 0
18400.0 -3950 -34500.0 1
18400.0 -3950 -34500.0 0
21400.0 -3950 -34500.0 1
21400.0 -3950 -34500.0 0
24400.0 -3950 -34500.0 1
24400.0 -3950 -34500.0 0
24400.0 -3950 -34500.0 1
24400.0 -3950 -34500.0 0
21400.0 -3950 -34500.0 1
21400.0 -3950 -34500.0 0
18400.0 -3950 -34500.0 1
18400.0 -3950 -34500.0 0
15400.0 -3950 -34500.0 1
15400.0 -3950 -34500.0 0
12400.0 -3950 -34500.0 1
12400.0 -3950 -34500.0 0
9400.0 -3950 -34500.0 1
9400.0 -3950 -34500.0 0
6400.0 -3950 -34500.0 1
6400.0 -3950 -34500.0 0
3400.0 -3950 -34500.0 1
3400.0 -3950 -34500.0 0
3400.0 50 -34500.0 1
3400.0 50 -34500.0 0
6400.0 50 -34500.0 1
6400.0 50 -34500.0 0
9400.0 50 -34500.0 1
9400.0 50 -34500.0 0
12400.0 50 -34500.0 1
12400.0 50 -34500.0 0
15400.0 50 -34500.0 1
15400.0 50 -34500.0 0
18400.0 50 -34500.0 1
18400.0 50 -34500.0 0
21400.0 50 -34500.0 1
21400.0 50 -34500.0 0
24400.0 50 -34500.0 1
24400.0 50 -34500.0 0
24400.0 50 -34500.0 1
24400.0 50 -34500.0 0
21400.0 50 -34500.0 1
21400.0 50 -34500.0 0
18400.0 50 -34500.0 1
18400.0 50 -34500.0 0
15400.0 50 -34500.0 1
15400.0 50 -34500.0 0
12400.0 50 -34500.0 1
12400.0 50 -34500.0 0
9400.0 50 -34500.0 1
9400.0 50 -34500.0 0
6400.0 50 -34500.0 1
6400.0 50 -34500.0 0
3400.0 50 -34500.0 1
3400.0 50 -34500.0 0
3400.0 50 -34500.0 1
3400.0 50 -34500.0 0
6400.0 50 -34500.0 1
6400.0 50 -34500.0 0
9400.0 50 -34500.0 1
9400.0 50 -34500.0 0
12400.0 50 -34500.0 1
12400.0 50 -34500.0 0
15400.0 50 -34500.0 1
15400.0 50 -34500.0 0
18400.0 50 -34500.0 1
18400.0 50 -34500.0 0
21400.0 50 -34500.0 1
21400.0 50 -34500.0 0
24400.0 50 -34500.0 1
24400.0 50 -34500.0 0
24400.0 50 -34500.0 1
24400.0 50 -34500.0 0
21400.0 50 -34500.0 1
21400.0 50 -34500.0 0
18400.0 50 -34500.0 1
18400.0 50 -34500.0 0
15400.0 50 -34500.0 1
15400.0 50 -34500.0 0
12400.0 50 -34500.0 1
12400.0 50 -34500.0 0
9400.0 50 -34500.0 1
9400.0 50 -34500.0 0
6400.0 50 -34500.0 1
6400.0 50 -34500.0 0
3400.0 50 -34500.0 1
3400.0 50 -34500.0 0
3400.0 50 -34500.0 1
3400.0 50 -34500.0 0
6400.0 50 -34500.0 1
6400.0 50 -34500.0 0
9400.0 50 -34500.0 1
9400.0 50 -34500.0 0
12400.0 50 -34500.0 1
12400.0 50 -34500.0 0
15400.0 50 -34500.0 1
15400.0 50 -34500.0 0
18400.0 50 -34500.0 1
18400.0 50 -34500.0 0
21400.0 50 -34500.0 1
21400.0 50 -34500.0 0
24400.0 50 -34500.0 1
24400.0 50 -34500.0 0
24400.0 50 -34500.0 1
24400.0 50 -34500.0 0
21400.0 50 -34500.0 1
21400.0 50 -34500.0 0
18400.0 50 -34500.0 1
18400.0 50 -34500.0 0
15400.0 50 -34500.0 1
15400.0 50 -34500.0 0
12400.0 50 -34500.0 1
12400.0 50 -34500.0 0
9400.0 50 -34500.0 1
9400.0 50 -34500.0 0
6400.0 50 -34500.0 1
6400.0 50 -34500.0 0
3400.0 50 -34500.0 1
3400.0 50 -34500.0 0
3400.0 50 -34500.0 1
3400.0 50 -34500.0 0
6400.0 50 -34500.0 1
6400.0 50 -34500.0 0
9400.0 50 -34500.0 1
9400.0 50 -34500.0 0
12400.0 50 -34500.0 1
12400.0 50 -34500.0 0
15400.0 50 -34500.0 1
15400.0 50 -34500.0 0
18400.0 50 -34500.0 1
18400.0 50 -34500.0 0
21400.0 50 -34500.0 1
21400.0 50 -34500.0 0
24400.0 50 -34500.0 1
24400.0 50 -34500.0 0
24400.0 50 -34500.0 1
24400.0 50 -34500.0 0
21400.0 50 -34500.0 1
21400.0 50 -34500.0 0
18400.0 50 -34500.0 1
18400.0 50 -34500.0 0
15400.0 50 -34500.0 1
15400.0 50 -34500.0 0
12400.0 50 -34500.0 1
12400.0 50 -34500.0 0
9400.0 50 -34500.0 1
9400.0 50 -34500.0 0
6400.0 50 -34500.0 1
6400.0 50 -34500.0 0
3400.0 50 -34500.0 1
3400.0 50 -34500.0 0
3400.0 4050 -4500.0 1
3400.0 4050 -4500.0 0
6400.0 4050 -4500.0 1
6400.0 4050 -4500.0 0
9400.0 4050 -4500.0 1
9400.0 4050 -4500.0 0
12400.0 4050 -4500.0 1
12400.0 4050 -4500.0 0
15400.0 4050 -4500.0 1
15400.0 4050 -4500.0 0
18400.0 4050 -4500.0 1
18400.0 4050 -4500.0 0
21400.0 4050 -4500.0 1
21400.0 4050 -4500.0 0
24400.0 4050 -4500.0 1
24400.0 4050 -4500.0 0
24400.0 4050 -4500.0 1
24400.0 4050 -4500.0 0
21400.0 4050 -4500.0 1
21400.0 4050 -4500.0 0
18400.0 4050 -4500.0 1
18400.0 4050 -4500.0 0
15400.0 4050 -4500.0 1
15400.0 4050 -4500.0 0
12400.0 4050 -4500.0 1
12400.0 4050 -4500.0 0
9400.0 4050 -4500.0 1
9400.0 4050 -4500.0 0
6400.0 4050 -4500.0 1
6400.0 4050 -4500.0 0
3400.0 4050 -4500.0 1
3400.0 4050 -4500.0 0
3400.0 4050 -4500.0 1
3400.0 4050 -4500.0 0
6400.0 4050 -4500.0 1
6400.0 4050 -4500.0 0
9400.0 4050 -4500.0 1
9400.0 4050 -4500.0 0
12400.0 4050 -4500.0 1
12400.0 4050 -4500.0 0
15400.0 4050 -4500.0 1
15400.0 4050 -4500.0 0
18400.0 4050 -4500.0 1
18400.0 4050 -4500.0 0
21400.0 4050 -4500.0 1
21400.0 4050 -4500.0 0
24400.0 4050 -4500.0 1
24400.0 4050 -4500.0 0
24400.0 4050 -4500.0 1
24400.0 4050 -4500.0 0
21400.0 4050 -4500.0 1
21400.0 4050 -4500.0 0
18400.0 4050 -4500.0 1
18400.0 4050 -4500.0 0
15400.0 4050 -4500.0 1
15400.0 4050 -4500.0 0
12400.0 4050 -4500.0 1
12400.0 4050 -4500.0 0
9400.0 4050 -4500.0 1
9400.0 4050 -4500.0 0
6400.0 4050 -4500.0 1
6400.0 4050 -4500.0 0
3400.0 4050 -4500.0 1
3400.0 4050 -4500.0 0
3400.0 4050 -4500.0 1
3400.0 4050 -4500.0 0
6400.0 4050 -4500.0 1
6400.0 4050 -4500.0 0
9400.0 4050 -4500.0 1
9400.0 4050 -4500.0 0
12400.0 4050 -4500.0 1
12400.0 4050 -4500.0 0
15400.0 4050 -4500.0 1
15400.0 4050 -4500.0 0
18400.0 4050 -4500.0 1
18400.0 4050 -4500.0 0
21400.0 4050 -4500.0 1
21400.0 4050 -4500.0 0
24400.0 4050 -4500.0 1
24400.0 4050 -4500.0 0
24400.0 4050 -4500.0 1
24400.0 4050 -4500.0 0
21400.0 4050 -4500.0 1
21400.0 4050 -4500.0 0
18400.0 4050 -4500.0 1
18400.0 4050 -4500.0 0
15400.0 4050 -4500.0 1
15400.0 4050 -4500.0 0
12400.0 4050 -4500.0 1
12400.0 4050 -4500.0 0
9400.0 4050 -4500.0 1
9400.0 4050 -4500.0 0
6400.0 4050 -4500.0 1
6400.0 4050 -4500.0 0
3400.0 4050 -4500.0 1
3400.0 4050 -4500.0 0
3400.0 4050 -4500.0 1
3400.0 4050 -4500.0 0
6400.0 4050 -4500.0 1
6400.0 4050 -4500.0 0
9400.0 4050 -4500.0 1
9400.0 4050 -4500.0 0
12400.0 4050 -4500.0 1
12400.0 4050 -4500.0 0
15400.0 4050 -4500.0 1
15400.0 4050 -4500.0 0
18400.0 4050 -4500.0 1
18400.0 4050 -4500.0 0
21400.0 4050 -4500.0 1
21400.0 4050 -4500.0 0
24400.0 4050 -4500.0 1
24400.0 4050 -4500.0 0
24400.0 4050 -4500.0 1
24400.0 4050 -4500.0 0
21400.0 4050 -4500.0 1
21400.0 4050 -4500.0 0
18400.0 4050 -4500.0 1
18400.0 4050 -4500.0 0
15400.0 4050 -4500.0 1
15400.0 4050 -4500.0 0
12400.0 4050 -4500.0 1
12400.0 4050 -4500.0 0
9400.0 4050 -4500.0 1
9400.0 4050 -4500.0 0
6400.0 4050 -4500.0 1
6400.0 4050 -4500.0 0
3400.0 4050 -4500.0 1
3400.0 4050 -4500.0 0
3400.0 8050 -4500.0 1
3400.0 8050 -4500.0 0
6400.0 8050 -4500.0 1
6400.0 8050 -4500.0 0
9400.0 8050 -4500.0 1
9400.0 8050 -4500.0 0
12400.0 8050 -4500.0 1
12400.0 8050 -4500.0 0
15400.0 8050 -4500.0 1
15400.0 8050 -4500.0 0
18400.0 8050 -4500.0 1
18400.0 8050 -4500.0 0
21400.0 8050 -4500.0 1
21400.0 8050 -4500.0 0
24400.0 8050 -4500.0 1
24400.0 8050 -4500.0 0
24400.0 8050 -4500.0 1
24400.0 8050 -4500.0 0
21400.0 8050 -4500.0 1
21400.0 8050 -4500.0 0
18400.0 8050 -4500.0 1
18400.0 8050 -4500.0 0
15400.0 8050 -4500.0 1
15400.0 8050 -4500.0 0
12400.0 8050 -4500.0 1
12400.0 8050 -4500.0 0
9400.0 8050 -4500.0 1
9400.0 8050 -4500.0 0
6400.0 8050 -4500.0 1
6400.0 8050 -4500.0 0
3400.0 8050 -4500.0 1
3400.0 8050 -4500.0 0
3400.0 8050 -4500.0 1
3400.0 8050 -4500.0 0
6400.0 8050 -4500.0 1
6400.0 8050 -4500.0 0
9400.0 8050 -4500.0 1
9400.0 8050 -4500.0 0
12400.0 8050 -4500.0 1
12400.0 8050 -4500.0 0
15400.0 8050 -4500.0 1
15400.0 8050 -4500.0 0
18400.0 8050 -4500.0 1
18400.0 8050 -4500.0 0
21400.0 8050 -4500.0 1
21400.0 8050 -4500.0 0
24400.0 8050 -4500.0 1
24400.0 8050 -4500.0 0
24400.0 8050 -4500.0 1
24400.0 8050 -4500.0 0
21400.0 8050 -4500.0 1
21400.0 8050 -4500.0 0
18400.0 8050 -4500.0 1
18400.0 8050 -4500.0 0
15400.0 8050 -4500.0 1
15400.0 8050 -4500.0 0
12400.0 8050 -4500.0 1
12400.0 8050 -4500.0 0
9400.0 8050 -4500.0 1
9400.0 8050 -4500.0 0
6400.0 8050 -4500.0 1
6400.0 8050 -4500.0 0
3400.0 8050 -4500.0 1
3400.0 8050 -4500.0 0
3400.0 8050 -4500.0 1
3400.0 8050 -4500.0 0
6400.0 8050 -4500.0 1
6400.0 8050 -4500.0 0
9400.0 8050 -4500.0 1
9400.0 8050 -4500.0 0
12400.0 8050 -4500.0 1
12400.0 8050 -4500.0 0
15400.0 8050 -4500.0 1
15400.0 8050 -4500.0 0
18400.0 8050 -4500.0 1
18400.0 8050 -4500.0 0
21400.0 8050 -4500.0 1
21400.0 8050 -4500.0 0
24400.0 8050 -4500.0 1
24400.0 8050 -4500.0 0
24400.0 8050 -4500.0 1
24400.0 8050 -4500.0 0
21400.0 8050 -4500.0 1
21400.0 8050 -4500.0 0
18400.0 8050 -4500.0 1
18400.0 8050 -4500.0 0
15400.0 8050 -4500.0 1
15400.0 8050 -4500.0 0
12400.0 8050 -4500.0 1
12400.0 8050 -4500.0 0
9400.0 8050 -4500.0 1
9400.0 8050 -4500.0 0
6400.0 8050 -4500.0 1
6400.0 8050 -4500.0 0
3400.0 8050 -4500.0 1
3400.0 8050 -4500.0 0
3400.0 8050 -4500.0 1
3400.0 8050 -4500.0 0
6400.0 8050 -4500.0 1
6400.0 8050 -4500.0 0
9400.0 8050 -4500.0 1
9400.0 8050 -4500.0 0
12400.0 8050 -4500.0 1
12400.0 8050 -4500.0 0
15400.0 8050 -4500.0 1
15400.0 8050 -4500.0 0
18400.0 8050 -4500.0 1
18400.0 8050 -4500.0 0
21400.0 8050 -4500.0 1
21400.0 8050 -4500.0 0
24400.0 8050 -4500.0 1
24400.0 8050 -4500.0 0
24400.0 8050 -4500.0 1
24400.0 8050 -4500.0 0
21400.0 8050 -4500.0 1
21400.0 8050 -4500.0 0
18400.0 8050 -4500.0 1
18400.0 8050 -4500.0 0
15400.0 8050 -4500.0 1
15400.0 8050 -4500.0 0
12400.0 8050 -4500.0 1
12400.0 8050 -4500.0 0
9400.0 8050 -4500.0 1
9400.0 8050 -4500.0 0
6400.0 8050 -4500.0 1
6400.0 8050 -4500.0 0
3400.0 8050 -4500.0 1
3400.0 8050 -4500.0 0
3400.0 -3950 -4500.0 1
3400.0 -3950 -4500.0 0
6400.0 -3950 -4500.0 1
6400.0 -3950 -4500.0 0
9400.0 -3950 -4500.0 1
9400.0 -3950 -4500.0 0
12400.0 -3950 -4500.0 1
12400.0 -3950 -4500.0 0
15400.0 -3950 -4500.0 1
15400.0 -3950 -4500.0 0
18400.0 -3950 -4500.0 1
18400.0 -3950 -4500.0 0
21400.0 -3950 -4500.0 1
21400.0 -3950 -4500.0 0
24400.0 -3950 -4500.0 1
24400.0 -3950 -4500.0 0
24400.0 -3950 -4500.0 1
24400.0 -3950 -4500.0 0
21400.0 -3950 -4500.0 1
21400.0 -3950 -4500.0 0
18400.0 -3950 -4500.0 1
18400.0 -3950 -4500.0 0
15400.0 -3950 -4500.0 1
15400.0 -3950 -4500.0 0
12400.0 -3950 -4500.0 1
12400.0 -3950 -4500.0 0
9400.0 -3950 -4500.0 1
9400.0 -3950 -4500.0 0
6400.0 -3950 -4500.0 1
6400.0 -3950 -4500.0 0
3400.0 -3950 -4500.0 1
3400.0 -3950 -4500.0 0
3400.0 -3950 -4500.0 1
3400.0 -3950 -4500.0 0
6400.0 -3950 -4500.0 1
6400.0 -3950 -4500.0 0
9400.0 -3950 -4500.0 1
9400.0 -3950 -4500.0 0
12400.0 -3950 -4500.0 1
12400.0 -3950 -4500.0 0
15400.0 -3950 -4500.0 1
15400.0 -3950 -4500.0 0
18400.0 -3950 -4500.0 1
18400.0 -3950 -4500.0 0
21400.0 -3950 -4500.0 1
21400.0 -3950 -4500.0 0
24400.0 -3950 -4500.0 1
24400.0 -3950 -4500.0 0
24400.0 -3950 -4500.0 1
24400.0 -3950 -4500.0 0
21400.0 -3950 -4500.0 1
21400.0 -3950 -4500.0 0
18400.0 -3950 -4500.0 1
18400.0 -3950 -4500.0 0
15400.0 -3950 -4500.0 1
15400.0 -3950 -4500.0 0
12400.0 -3950 -4500.0 1
12400.0 -3950 -4500.0 0
9400.0 -3950 -4500.0 1
9400.0 -3950 -4500.0 0
6400.0 -3950 -4500.0 1
6400.0 -3950 -4500.0 0
3400.0 -3950 -4500.0 1
3400.0 -3950 -4500.0 0
3400.0 -3950 -4500.0 1
3400.0 -3950 -4500.0 0
6400.0 -3950 -4500.0 1
6400.0 -3950 -4500.0 0
9400.0 -3950 -4500.0 1
9400.0 -3950 -4500.0 0
12400.0 -3950 -4500.0 1
12400.0 -3950 -4500.0 0
15400.0 -3950 -4500.0 1
15400.0 -3950 -4500.0 0
18400.0 -3950 -4500.0 1
18400.0 -3950 -4500.0 0
21400.0 -3950 -4500.0 1
21400.0 -3950 -4500.0 0
24400.0 -3950 -4500.0 1
24400.0 -3950 -4500.0 0
24400.0 -3950 -4500.0 1
24400.0 -3950 -4500.0 0
21400.0 -3950 -4500.0 1
21400.0 -3950 -4500.0 0
18400.0 -3950 -4500.0 1
18400.0 -3950 -4500.0 0
15400.0 -3950 -4500.0 1
15400.0 -3950 -4500.0 0
12400.0 -3950 -4500.0 1
12400.0 -3950 -4500.0 0
9400.0 -3950 -4500.0 1
9400.0 -3950 -4500.0 0
6400.0 -3950 -4500.0 1
6400.0 -3950 -4500.0 0
3400.0 -3950 -4500.0 1
3400.0 -3950 -4500.0 0
3400.0 -3950 -4500.0 1
3400.0 -3950 -4500.0 0
6400.0 -3950 -4500.0 1
6400.0 -3950 -4500.0 0
9400.0 -3950 -4500.0 1
9400.0 -3950 -4500.0 0
12400.0 -3950 -4500.0 1
12400.0 -3950 -4500.0 0
15400.0 -3950 -4500.0 1
15400.0 -3950 -4500.0 0
18400.0 -3950 -4500.0 1
18400.0 -3950 -4500.0 0
21400.0 -3950 -4500.0 1
21400.0 -3950 -4500.0 0
24400.0 -3950 -4500.0 1
24400.0 -3950 -4500.0 0
24400.0 -3950 -4500.0 1
24400.0 -3950 -4500.0 0
21400.0 -3950 -4500.0 1
21400.0 -3950 -4500.0 0
18400.0 -3950 -4500.0 1
18400.0 -3950 -4500.0 0
15400.0 -3950 -4500.0 1
15400.0 -3950 -4500.0 0
12400.0 -3950 -4500.0 1
12400.0 -3950 -4500.0 0
9400.0 -3950 -4500.0 1
9400.0 -3950 -4500.0 0
6400.0 -3950 -4500.0 1
6400.0 -3950 -4500.0 0
3400.0 -3950 -4500.0 1
3400.0 -3950 -4500.0 0
3400.0 50 -4500.0 1
3400.0 50 -4500.0 0
6400.0 50 -4500.0 1
6400.0 50 -4500.0 0
9400.0 50 -4500.0 1
9400.0 50 -4500.0 0
12400.0 50 -4500.0 1
12400.0 50 -4500.0 0
15400.0 50 -4500.0 1
15400.0 50 -4500.0 0
18400.0 50 -4500.0 1
18400.0 50 -4500.0 0
21400.0 50 -4500.0 1
21400.0 50 -4500.0 0
24400.0 50 -4500.0 1
24400.0 50 -4500.0 0
24400.0 50 -4500.0 1
24400.0 50 -4500.0 0
21400.0 50 -4500.0 1
21400.0 50 -4500.0 0
18400.0 50 -4500.0 1
18400.0 50 -4500.0 0
15400.0 50 -4500.0 1
15400.0 50 -4500.0 0
12400.0 50 -4500.0 1
12400.0 50 -4500.0 0
9400.0 50 -4500.0 1
9400.0 50 -4500.0 0
6400.0 50 -4500.0 1
6400.0 50 -4500.0 0
3400.0 50 -4500.0 1
3400.0 50 -4500.0 0
3400.0 50 -4500.0 1
3400.0 50 -4500.0 0
6400.0 50 -4500.0 1
6400.0 50 -4500.0 0
9400.0 50 -4500.0 1
9400.0 50 -4500.0 0
12400.0 50 -4500.0 1
12400.0 50 -4500.0 0
15400.0 50 -4500.0 1
15400.0 50 -4500.0 0
18400.0 50 -4500.0 1
18400.0 50 -4500.0 0
21400.0 50 -4500.0 1
21400.0 50 -4500.0 0
24400.0 50 -4500.0 1
24400.0 50 -4500.0 0
24400.0 50 -4500.0 1
24400.0 50 -4500.0 0
21400.0 50 -4500.0 1
21400.0 50 -4500.0 0
18400.0 50 -4500.0 1
18400.0 50 -4500.0 0
15400.0 50 -4500.0 1
15400.0 50 -4500.0 0
12400.0 50 -4500.0 1
12400.0 50 -4500.0 0
9400.0 50 -4500.0 1
9400.0 50 -4500.0 0
6400.0 50 -4500.0 1
6400.0 50 -4500.0 0
3400.0 50 -4500.0 1
3400.0 50 -4500.0 0
3400.0 50 -4500.0 1
3400.0 50 -4500.0 0
6400.0 50 -4500.0 1
6400.0 50 -4500.0 0
9400.0 50 -4500.0 1
9400.0 50 -4500.0 0
12400.0 50 -4500.0 1
12400.0 50 -4500.0 0
15400.0 50 -4500.0 1
15400.0 50 -4500.0 0
18400.0 50 -4500.0 1
18400.0 50 -4500.0 0
21400.0 50 -4500.0 1
21400.0 50 -4500.0 0
24400.0 50 -4500.0 1
24400.0 50 -4500.0 0
24400.0 50 -4500.0 1
24400.0 50 -4500.0 0
21400.0 50 -4500.0 1
21400.0 50 -4500.0 0
18400.0 50 -4500.0 1
18400.0 50 -4500.0 0
15400.0 50 -4500.0 1
15400.0 50 -4500.0 0
12400.0 50 -4500.0 1
12400.0 50 -4500.0 0
9400.0 50 -4500.0 1
9400.0 50 -4500.0 0
6400.0 50 -4500.0 1
6400.0 50 -4500.0 0
3400.0 50 -4500.0 1
3400.0 50 -4500.0 0
3400.0 50 -4500.0 1
3400.0 50 -4500.0 0
6400.0 50 -4500.0 1
6400.0 50 -4500.0 0
9400.0 50 -4500.0 1
9400.0 50 -4500.0 0
12400.0 50 -4500.0 1
12400.0 50 -4500.0 0
15400.0 50 -4500.0 1
15400.0 50 -4500.0 0
18400.0 50 -4500.0 1
18400.0 50 -4500.0 0
21400.0 50 -4500.0 1
21400.0 50 -4500.0 0
24400.0 50 -4500.0 1
24400.0 50 -4500.0 0
24400.0 50 -4500.0 1
24400.0 50 -4500.0 0
21400.0 50 -4500.0 1
21400.0 50 -4500.0 0
18400.0 50 -4500.0 1
18400.0 50 -4500.0 0
15400.0 50 -4500.0 1
15400.0 50 -4500.0 0
12400.0 50 -4500.0 1
12400.0 50 -4500.0 0
9400.0 50 -4500.0 1
9400.0 50 -4500.0 0
6400.0 50 -4500.0 1
6400.0 50 -4500.0 0
3400.0 50 -4500.0 1
3400.0 50 -4500.0 0