0 4050 -70000.0 1
0 4050 -70000.0 0
0 4050 -66500.0 1
0 4050 -66500.0 0
0 4050 -63000.0 1
0 4050 -63000.0 0
0 4050 -59500.0 1
0 4050 -59500.0 0
0 4050 -56000.0 1
0 4050 -56000.0 0
0 4050 -52500.0 1
0 4050 -52500.0 0
0 4050 -49000.0 1
0 4050 -49000.0 0
0 4050 -45500.0 1
0 4050 -45500.0 0
0 4050 -42000.0 1
0 4050 -42000.0 0
0 4050 -38500.0 1
0 4050 -38500.0 0
0 4050 -35000.0 1
0 4050 -35000.0 0
0 4050 -35000.0 1
0 4050 -35000.0 0
0 4050 -38500.0 1
0 4050 -38500.0 0
0 4050 -42000.0 1
0 4050 -42000.0 0
0 4050 -45500.0 1
0 4050 -45500.0 0
0 4050 -49000.0 1
0 4050 -49000.0 0
0 4050 -52500.0 1
0 4050 -52500.0 0
0 4050 -56000.0 1
0 4050 -56000.0 0
0 4050 -59500.0 1
0 4050 -59500.0 0
0 4050 -63000.0 1
0 4050 -63000.0 0
0 4050 -66500.0 1
0 4050 -66500.0 0
0 4050 -70000.0 1
0 4050 -70000.0 0
0 4050 -70000.0 1
0 4050 -70000.0 0
0 4050 -66500.0 1
0 4050 -66500.0 0
0 4050 -63000.0 1
0 4050 -63000.0 0
0 4050 -59500.0 1
0 4050 -59500.0 0
0 4050 -56000.0 1
0 4050 -56000.0 0
0 4050 -52500.0 1
0 4050 -52500.0 0
0 4050 -49000.0 1
0 4050 -49000.0 0
0 4050 -45500.0 1
0 4050 -45500.0 0
0 4050 -42000.0 1
0 4050 -42000.0 0
0 4050 -38500.0 1
0 4050 -38500.0 0
0 4050 -35000.0 1
0 4050 -35000.0 0
0.0 4050 -58654 1
0.0 4050 -58654 0
4000.0 4050 -58654 1
4000.0 4050 -58654 0
8000.0 4050 -58654 1
8000.0 4050 -58654 0
12000.0 4050 -58654 1
12000.0 4050 -58654 0
16000.0 4050 -58654 1
16000.0 4050 -58654 0
20000.0 4050 -58654 1
20000.0 4050 -58654 0
24000.0 4050 -58654 1
24000.0 4050 -58654 0
28000.0 4050 -58654 1
28000.0 4050 -58654 0
28000.0 4050 -58654 1
28000.0 4050 -58654 0
24000.0 4050 -58654 1
24000.0 4050 -58654 0
20000.0 4050 -58654 1
20000.0 4050 -58654 0
16000.0 4050 -58654 1
16000.0 4050 -58654 0
12000.0 4050 -58654 1
12000.0 4050 -58654 0
8000.0 4050 -58654 1
8000.0 4050 -58654 0
4000.0 4050 -58654 1
4000.0 4050 -58654 0
0.0 4050 -58654 1
0.0 4050 -58654 0
0.0 4050 -58654 1
0.0 4050 -58654 0
4000.0 4050 -58654 1
4000.0 4050 -58654 0
8000.0 4050 -58654 1
8000.0 4050 -58654 0
12000.0 4050 -58654 1
12000.0 4050 -58654 0
16000.0 4050 -58654 1
16000.0 4050 -58654 0
20000.0 4050 -58654 1
20000.0 4050 -58654 0
24000.0 4050 -58654 1
24000.0 4050 -58654 0
28000.0 4050 -58654 1
28000.0 4050 -58654 0
0.0 8050 -58654 1
0.0 8050 -58654 0
4000.0 8050 -58654 1
4000.0 8050 -58654 0
8000.0 8050 -58654 1
8000.0 8050 -58654 0
12000.0 8050 -58654 1
12000.0 8050 -58654 0
16000.0 8050 -58654 1
16000.0 8050 -58654 0
20000.0 8050 -58654 1
20000.0 8050 -58654 0
24000.0 8050 -58654 1
24000.0 8050 -58654 0
28000.0 8050 -58654 1
28000.0 8050 -58654 0
28000.0 8050 -58654 1
28000.0 8050 -58654 0
24000.0 8050 -58654 1
24000.0 8050 -58654 0
20000.0 8050 -58654 1
20000.0 8050 -58654 0
16000.0 8050 -58654 1
16000.0 8050 -58654 0
12000.0 8050 -58654 1
12000.0 8050 -58654 0
8000.0 8050 -58654 1
8000.0 8050 -58654 0
4000.0 8050 -58654 1
4000.0 8050 -58654 0
0.0 8050 -58654 1
0.0 8050 -58654 0
0.0 8050 -58654 1
0.0 8050 -58654 0
4000.0 8050 -58654 1
4000.0 8050 -58654 0
8000.0 8050 -58654 1
8000.0 8050 -58654 0
12000.0 8050 -58654 1
12000.0 8050 -58654 0
16000.0 8050 -58654 1
16000.0 8050 -58654 0
20000.0 8050 -58654 1
20000.0 8050 -58654 0
24000.0 8050 -58654 1
24000.0 8050 -58654 0
28000.0 8050 -58654 1
28000.0 8050 -58654 0
0.0 -3950 -58654 1
0.0 -3950 -58654 0
4000.0 -3950 -58654 1
4000.0 -3950 -58654 0
8000.0 -3950 -58654 1
8000.0 -3950 -58654 0
12000.0 -3950 -58654 1
12000.0 -3950 -58654 0
16000.0 -3950 -58654 1
16000.0 -3950 -58654 0
20000.0 -3950 -58654 1
20000.0 -3950 -58654 0
24000.0 -3950 -58654 1
24000.0 -3950 -58654 0
28000.0 -3950 -58654 1
28000.0 -3950 -58654 0
28000.0 -3950 -58654 1
28000.0 -3950 -58654 0
24000.0 -3950 -58654 1
24000.0 -3950 -58654 0
20000.0 -3950 -58654 1
20000.0 -3950 -58654 0
16000.0 -3950 -58654 1
16000.0 -3950 -58654 0
12000.0 -3950 -58654 1
12000.0 -3950 -58654 0
8000.0 -3950 -58654 1
8000.0 -3950 -58654 0
4000.0 -3950 -58654 1
4000.0 -3950 -58654 0
0.0 -3950 -58654 1
0.0 -3950 -58654 0
0.0 -3950 -58654 1
0.0 -3950 -58654 0
4000.0 -3950 -58654 1
4000.0 -3950 -58654 0
8000.0 -3950 -58654 1
8000.0 -3950 -58654 0
12000.0 -3950 -58654 1
12000.0 -3950 -58654 0
16000.0 -3950 -58654 1
16000.0 -3950 -58654 0
20000.0 -3950 -58654 1
20000.0 -3950 -58654 0
24000.0 -3950 -58654 1
24000.0 -3950 -58654 0
28000.0 -3950 -58654 1
28000.0 -3950 -58654 0
0.0 50 -58654 1
0.0 50 -58654 0
4000.0 50 -58654 1
4000.0 50 -58654 0
8000.0 50 -58654 1
8000.0 50 -58654 0
12000.0 50 -58654 1
12000.0 50 -58654 0
16000.0 50 -58654 1
16000.0 50 -58654 0
20000.0 50 -58654 1
20000.0 50 -58654 0
24000.0 50 -58654 1
24000.0 50 -58654 0
28000.0 50 -58654 1
28000.0 50 -58654 0
28000.0 50 -58654 1
28000.0 50 -58654 0
24000.0 50 -58654 1
24000.0 50 -58654 0
20000.0 50 -58654 1
20000.0 50 -58654 0
16000.0 50 -58654 1
16000.0 50 -58654 0
12000.0 50 -58654 1
12000.0 50 -58654 0
8000.0 50 -58654 1
8000.0 50 -58654 0
4000.0 50 -58654 1
4000.0 50 -58654 0
0.0 50 -58654 1
0.0 50 -58654 0
0.0 50 -58654 1
0.0 50 -58654 0
4000.0 50 -58654 1
4000.0 50 -58654 0
8000.0 50 -58654 1
8000.0 50 -58654 0
12000.0 50 -58654 1
12000.0 50 -58654 0
16000.0 50 -58654 1
16000.0 50 -58654 0
20000.0 50 -58654 1
20000.0 50 -58654 0
24000.0 50 -58654 1
24000.0 50 -58654 0
28000.0 50 -58654 1
28000.0 50 -58654 0