0 4160 -70000.0 1
0 4160 -70000.0 0
0 4160 -65000.0 1
0 4160 -65000.0 0
0 4160 -60000.0 1
0 4160 -60000.0 0
0 4160 -55000.0 1
0 4160 -55000.0 0
0 4160 -50000.0 1
0 4160 -50000.0 0
0 4160 -45000.0 1
0 4160 -45000.0 0
0 4160 -40000.0 1
0 4160 -40000.0 0
0 4160 -35000.0 1
0 4160 -35000.0 0
0 4160 -35000.0 1
0 4160 -35000.0 0
0 4160 -40000.0 1
0 4160 -40000.0 0
0 4160 -45000.0 1
0 4160 -45000.0 0
0 4160 -50000.0 1
0 4160 -50000.0 0
0 4160 -55000.0 1
0 4160 -55000.0 0
0 4160 -60000.0 1
0 4160 -60000.0 0
0 4160 -65000.0 1
0 4160 -65000.0 0
0 4160 -70000.0 1
0 4160 -70000.0 0
0 4160 -70000.0 1
0 4160 -70000.0 0
0 4160 -65000.0 1
0 4160 -65000.0 0
0 4160 -60000.0 1
0 4160 -60000.0 0
0 4160 -55000.0 1
0 4160 -55000.0 0
0 4160 -50000.0 1
0 4160 -50000.0 0
0 4160 -45000.0 1
0 4160 -45000.0 0
0 4160 -40000.0 1
0 4160 -40000.0 0
0 4160 -35000.0 1
0 4160 -35000.0 0
0 4160 -35000.0 1
0 4160 -35000.0 0
0 4160 -40000.0 1
0 4160 -40000.0 0
0 4160 -45000.0 1
0 4160 -45000.0 0
0 4160 -50000.0 1
0 4160 -50000.0 0
0 4160 -55000.0 1
0 4160 -55000.0 0
0 4160 -60000.0 1
0 4160 -60000.0 0
0 4160 -65000.0 1
0 4160 -65000.0 0
0 4160 -70000.0 1
0 4160 -70000.0 0
0 4160 -70000.0 1
0 4160 -70000.0 0
0 4160 -65000.0 1
0 4160 -65000.0 0
0 4160 -60000.0 1
0 4160 -60000.0 0
0 4160 -55000.0 1
0 4160 -55000.0 0
0 4160 -50000.0 1
0 4160 -50000.0 0
0 4160 -45000.0 1
0 4160 -45000.0 0
0 4160 -40000.0 1
0 4160 -40000.0 0
0 4160 -35000.0 1
0 4160 -35000.0 0
0 4160 -35000.0 1
0 4160 -35000.0 0
0 4160 -40000.0 1
0 4160 -40000.0 0
0 4160 -45000.0 1
0 4160 -45000.0 0
0 4160 -50000.0 1
0 4160 -50000.0 0
0 4160 -55000.0 1
0 4160 -55000.0 0
0 4160 -60000.0 1
0 4160 -60000.0 0
0 4160 -65000.0 1
0 4160 -65000.0 0
0 4160 -70000.0 1
0 4160 -70000.0 0
0 4160 -70000.0 1
0 4160 -70000.0 0
0 4160 -65000.0 1
0 4160 -65000.0 0
0 4160 -60000.0 1
0 4160 -60000.0 0
0 4160 -55000.0 1
0 4160 -55000.0 0
0 4160 -50000.0 1
0 4160 -50000.0 0
0 4160 -45000.0 1
0 4160 -45000.0 0
0 4160 -40000.0 1
0 4160 -40000.0 0
0 4160 -35000.0 1
0 4160 -35000.0 0
0 4160 -35000.0 1
0 4160 -35000.0 0
0 4160 -40000.0 1
0 4160 -40000.0 0
0 4160 -45000.0 1
0 4160 -45000.0 0
0 4160 -50000.0 1
0 4160 -50000.0 0
0 4160 -55000.0 1
0 4160 -55000.0 0
0 4160 -60000.0 1
0 4160 -60000.0 0
0 4160 -65000.0 1
0 4160 -65000.0 0
0 4160 -70000.0 1
0 4160 -70000.0 0
0 4160 -70000.0 1
0 4160 -70000.0 0
0 4160 -65000.0 1
0 4160 -65000.0 0
0 4160 -60000.0 1
0 4160 -60000.0 0
0 4160 -55000.0 1
0 4160 -55000.0 0
0 4160 -50000.0 1
0 4160 -50000.0 0
0 4160 -45000.0 1
0 4160 -45000.0 0
0 4160 -40000.0 1
0 4160 -40000.0 0
0 4160 -35000.0 1
0 4160 -35000.0 0
0 4160 -35000.0 1
0 4160 -35000.0 0
0 4160 -40000.0 1
0 4160 -40000.0 0
0 4160 -45000.0 1
0 4160 -45000.0 0
0 4160 -50000.0 1
0 4160 -50000.0 0
0 4160 -55000.0 1
0 4160 -55000.0 0
0 4160 -60000.0 1
0 4160 -60000.0 0
0 4160 -65000.0 1
0 4160 -65000.0 0
0 4160 -70000.0 1
0 4160 -70000.0 0
0 4160 -70000.0 1
0 4160 -70000.0 0
0 4160 -65000.0 1
0 4160 -65000.0 0
0 4160 -60000.0 1
0 4160 -60000.0 0
0 4160 -55000.0 1
0 4160 -55000.0 0
0 4160 -50000.0 1
0 4160 -50000.0 0
0 4160 -45000.0 1
0 4160 -45000.0 0
0 4160 -40000.0 1
0 4160 -40000.0 0
0 4160 -35000.0 1
0 4160 -35000.0 0
0 4160 -35000.0 1
0 4160 -35000.0 0
0 4160 -40000.0 1
0 4160 -40000.0 0
0 4160 -45000.0 1
0 4160 -45000.0 0
0 4160 -50000.0 1
0 4160 -50000.0 0
0 4160 -55000.0 1
0 4160 -55000.0 0
0 4160 -60000.0 1
0 4160 -60000.0 0
0 4160 -65000.0 1
0 4160 -65000.0 0
0 4160 -70000.0 1
0 4160 -70000.0 0
0 4160 -70000.0 1
0 4160 -70000.0 0
0 4160 -65000.0 1
0 4160 -65000.0 0
0 4160 -60000.0 1
0 4160 -60000.0 0
0 4160 -55000.0 1
0 4160 -55000.0 0
0 4160 -50000.0 1
0 4160 -50000.0 0
0 4160 -45000.0 1
0 4160 -45000.0 0
0 4160 -40000.0 1
0 4160 -40000.0 0
0 4160 -35000.0 1
0 4160 -35000.0 0
0 4160 -35000.0 1
0 4160 -35000.0 0
0 4160 -40000.0 1
0 4160 -40000.0 0
0 4160 -45000.0 1
0 4160 -45000.0 0
0 4160 -50000.0 1
0 4160 -50000.0 0
0 4160 -55000.0 1
0 4160 -55000.0 0
0 4160 -60000.0 1
0 4160 -60000.0 0
0 4160 -65000.0 1
0 4160 -65000.0 0
0 4160 -70000.0 1
0 4160 -70000.0 0
0 4160 -70000.0 1
0 4160 -70000.0 0
0 4160 -65000.0 1
0 4160 -65000.0 0
0 4160 -60000.0 1
0 4160 -60000.0 0
0 4160 -55000.0 1
0 4160 -55000.0 0
0 4160 -50000.0 1
0 4160 -50000.0 0
0 4160 -45000.0 1
0 4160 -45000.0 0
0 4160 -40000.0 1
0 4160 -40000.0 0
0 4160 -35000.0 1
0 4160 -35000.0 0
0 4160 -35000.0 1
0 4160 -35000.0 0
0 4160 -40000.0 1
0 4160 -40000.0 0
0 4160 -45000.0 1
0 4160 -45000.0 0
0 4160 -50000.0 1
0 4160 -50000.0 0
0 4160 -55000.0 1
0 4160 -55000.0 0
0 4160 -60000.0 1
0 4160 -60000.0 0
0 4160 -65000.0 1
0 4160 -65000.0 0
0 4160 -70000.0 1
0 4160 -70000.0 0
0 4160 -70000.0 1
0 4160 -70000.0 0
0 4160 -65000.0 1
0 4160 -65000.0 0
0 4160 -60000.0 1
0 4160 -60000.0 0
0 4160 -55000.0 1
0 4160 -55000.0 0
0 4160 -50000.0 1
0 4160 -50000.0 0
0 4160 -45000.0 1
0 4160 -45000.0 0
0 4160 -40000.0 1
0 4160 -40000.0 0
0 4160 -35000.0 1
0 4160 -35000.0 0
0 4160 -35000.0 1
0 4160 -35000.0 0
0 4160 -40000.0 1
0 4160 -40000.0 0
0 4160 -45000.0 1
0 4160 -45000.0 0
0 4160 -50000.0 1
0 4160 -50000.0 0
0 4160 -55000.0 1
0 4160 -55000.0 0
0 4160 -60000.0 1
0 4160 -60000.0 0
0 4160 -65000.0 1
0 4160 -65000.0 0
0 4160 -70000.0 1
0 4160 -70000.0 0
0 4160 -70000.0 1
0 4160 -70000.0 0
0 4160 -65000.0 1
0 4160 -65000.0 0
0 4160 -60000.0 1
0 4160 -60000.0 0
0 4160 -55000.0 1
0 4160 -55000.0 0
0 4160 -50000.0 1
0 4160 -50000.0 0
0 4160 -45000.0 1
0 4160 -45000.0 0
0 4160 -40000.0 1
0 4160 -40000.0 0
0 4160 -35000.0 1
0 4160 -35000.0 0
0 4160 -35000.0 1
0 4160 -35000.0 0
0 4160 -40000.0 1
0 4160 -40000.0 0
0 4160 -45000.0 1
0 4160 -45000.0 0
0 4160 -50000.0 1
0 4160 -50000.0 0
0 4160 -55000.0 1
0 4160 -55000.0 0
0 4160 -60000.0 1
0 4160 -60000.0 0
0 4160 -65000.0 1
0 4160 -65000.0 0
0 4160 -70000.0 1
0 4160 -70000.0 0