4525 4010 -72000.0 1
4525 4010 -72000.0 0
4525 4010 -65400.0 1
4525 4010 -65400.0 0
4525 4010 -58800.0 1
4525 4010 -58800.0 0
4525 4010 -52200.0 1
4525 4010 -52200.0 0
4525 4010 -45600.0 1
4525 4010 -45600.0 0
4525 4010 -39000.0 1
4525 4010 -39000.0 0
4525 4010 -32400.0 1
4525 4010 -32400.0 0
4525 4010 -25800.0 1
4525 4010 -25800.0 0
4525 4010 -19200.0 1
4525 4010 -19200.0 0
4525 4010 -12600.0 1
4525 4010 -12600.0 0
4525 4010 -6000.0 1
4525 4010 -6000.0 0
4525 4010 -6000.0 1
4525 4010 -6000.0 0
4525 4010 -12600.0 1
4525 4010 -12600.0 0
4525 4010 -19200.0 1
4525 4010 -19200.0 0
4525 4010 -25800.0 1
4525 4010 -25800.0 0
4525 4010 -32400.0 1
4525 4010 -32400.0 0
4525 4010 -39000.0 1
4525 4010 -39000.0 0
4525 4010 -45600.0 1
4525 4010 -45600.0 0
4525 4010 -52200.0 1
4525 4010 -52200.0 0
4525 4010 -58800.0 1
4525 4010 -58800.0 0
4525 4010 -65400.0 1
4525 4010 -65400.0 0
4525 4010 -72000.0 1
4525 4010 -72000.0 0
4525 4010 -72000.0 1
4525 4010 -72000.0 0
4525 4010 -65400.0 1
4525 4010 -65400.0 0
4525 4010 -58800.0 1
4525 4010 -58800.0 0
4525 4010 -52200.0 1
4525 4010 -52200.0 0
4525 4010 -45600.0 1
4525 4010 -45600.0 0
4525 4010 -39000.0 1
4525 4010 -39000.0 0
4525 4010 -32400.0 1
4525 4010 -32400.0 0
4525 4010 -25800.0 1
4525 4010 -25800.0 0
4525 4010 -19200.0 1
4525 4010 -19200.0 0
4525 4010 -12600.0 1
4525 4010 -12600.0 0
4525 4010 -6000.0 1
4525 4010 -6000.0 0
4525 4010 -6000.0 1
4525 4010 -6000.0 0
4525 4010 -12600.0 1
4525 4010 -12600.0 0
4525 4010 -19200.0 1
4525 4010 -19200.0 0
4525 4010 -25800.0 1
4525 4010 -25800.0 0
4525 4010 -32400.0 1
4525 4010 -32400.0 0
4525 4010 -39000.0 1
4525 4010 -39000.0 0
4525 4010 -45600.0 1
4525 4010 -45600.0 0
4525 4010 -52200.0 1
4525 4010 -52200.0 0
4525 4010 -58800.0 1
4525 4010 -58800.0 0
4525 4010 -65400.0 1
4525 4010 -65400.0 0
4525 4010 -72000.0 1
4525 4010 -72000.0 0
2525.0 4010 -52032 1
2525.0 4010 -52032 0
4525.0 4010 -52032 1
4525.0 4010 -52032 0
6525.0 4010 -52032 1
6525.0 4010 -52032 0
8525.0 4010 -52032 1
8525.0 4010 -52032 0
10525.0 4010 -52032 1
10525.0 4010 -52032 0
12525.0 4010 -52032 1
12525.0 4010 -52032 0
14525.0 4010 -52032 1
14525.0 4010 -52032 0
16525.0 4010 -52032 1
16525.0 4010 -52032 0
18525.0 4010 -52032 1
18525.0 4010 -52032 0
20525.0 4010 -52032 1
20525.0 4010 -52032 0
22525.0 4010 -52032 1
22525.0 4010 -52032 0
24525.0 4010 -52032 1
24525.0 4010 -52032 0
26525.0 4010 -52032 1
26525.0 4010 -52032 0
28525.0 4010 -52032 1
28525.0 4010 -52032 0
30525.0 4010 -52032 1
30525.0 4010 -52032 0
30525.0 4010 -52032 1
30525.0 4010 -52032 0
28525.0 4010 -52032 1
28525.0 4010 -52032 0
26525.0 4010 -52032 1
26525.0 4010 -52032 0
24525.0 4010 -52032 1
24525.0 4010 -52032 0
22525.0 4010 -52032 1
22525.0 4010 -52032 0
20525.0 4010 -52032 1
20525.0 4010 -52032 0
18525.0 4010 -52032 1
18525.0 4010 -52032 0
16525.0 4010 -52032 1
16525.0 4010 -52032 0
14525.0 4010 -52032 1
14525.0 4010 -52032 0
12525.0 4010 -52032 1
12525.0 4010 -52032 0
10525.0 4010 -52032 1
10525.0 4010 -52032 0
8525.0 4010 -52032 1
8525.0 4010 -52032 0
6525.0 4010 -52032 1
6525.0 4010 -52032 0
4525.0 4010 -52032 1
4525.0 4010 -52032 0
2525.0 4010 -52032 1
2525.0 4010 -52032 0
2525.0 4010 -52032 1
2525.0 4010 -52032 0
4525.0 4010 -52032 1
4525.0 4010 -52032 0
6525.0 4010 -52032 1
6525.0 4010 -52032 0
8525.0 4010 -52032 1
8525.0 4010 -52032 0
10525.0 4010 -52032 1
10525.0 4010 -52032 0
12525.0 4010 -52032 1
12525.0 4010 -52032 0
14525.0 4010 -52032 1
14525.0 4010 -52032 0
16525.0 4010 -52032 1
16525.0 4010 -52032 0
18525.0 4010 -52032 1
18525.0 4010 -52032 0
20525.0 4010 -52032 1
20525.0 4010 -52032 0
22525.0 4010 -52032 1
22525.0 4010 -52032 0
24525.0 4010 -52032 1
24525.0 4010 -52032 0
26525.0 4010 -52032 1
26525.0 4010 -52032 0
28525.0 4010 -52032 1
28525.0 4010 -52032 0
30525.0 4010 -52032 1
30525.0 4010 -52032 0
30525.0 4010 -52032 1
30525.0 4010 -52032 0
28525.0 4010 -52032 1
28525.0 4010 -52032 0
26525.0 4010 -52032 1
26525.0 4010 -52032 0
24525.0 4010 -52032 1
24525.0 4010 -52032 0
22525.0 4010 -52032 1
22525.0 4010 -52032 0
20525.0 4010 -52032 1
20525.0 4010 -52032 0
18525.0 4010 -52032 1
18525.0 4010 -52032 0
16525.0 4010 -52032 1
16525.0 4010 -52032 0
14525.0 4010 -52032 1
14525.0 4010 -52032 0
12525.0 4010 -52032 1
12525.0 4010 -52032 0
10525.0 4010 -52032 1
10525.0 4010 -52032 0
8525.0 4010 -52032 1
8525.0 4010 -52032 0
6525.0 4010 -52032 1
6525.0 4010 -52032 0
4525.0 4010 -52032 1
4525.0 4010 -52032 0
2525.0 4010 -52032 1
2525.0 4010 -52032 0
2525.0 8010 -52032 1
2525.0 8010 -52032 0
4525.0 8010 -52032 1
4525.0 8010 -52032 0
6525.0 8010 -52032 1
6525.0 8010 -52032 0
8525.0 8010 -52032 1
8525.0 8010 -52032 0
10525.0 8010 -52032 1
10525.0 8010 -52032 0
12525.0 8010 -52032 1
12525.0 8010 -52032 0
14525.0 8010 -52032 1
14525.0 8010 -52032 0
16525.0 8010 -52032 1
16525.0 8010 -52032 0
18525.0 8010 -52032 1
18525.0 8010 -52032 0
20525.0 8010 -52032 1
20525.0 8010 -52032 0
22525.0 8010 -52032 1
22525.0 8010 -52032 0
24525.0 8010 -52032 1
24525.0 8010 -52032 0
26525.0 8010 -52032 1
26525.0 8010 -52032 0
28525.0 8010 -52032 1
28525.0 8010 -52032 0
30525.0 8010 -52032 1
30525.0 8010 -52032 0
30525.0 8010 -52032 1
30525.0 8010 -52032 0
28525.0 8010 -52032 1
28525.0 8010 -52032 0
26525.0 8010 -52032 1
26525.0 8010 -52032 0
24525.0 8010 -52032 1
24525.0 8010 -52032 0
22525.0 8010 -52032 1
22525.0 8010 -52032 0
20525.0 8010 -52032 1
20525.0 8010 -52032 0
18525.0 8010 -52032 1
18525.0 8010 -52032 0
16525.0 8010 -52032 1
16525.0 8010 -52032 0
14525.0 8010 -52032 1
14525.0 8010 -52032 0
12525.0 8010 -52032 1
12525.0 8010 -52032 0
10525.0 8010 -52032 1
10525.0 8010 -52032 0
8525.0 8010 -52032 1
8525.0 8010 -52032 0
6525.0 8010 -52032 1
6525.0 8010 -52032 0
4525.0 8010 -52032 1
4525.0 8010 -52032 0
2525.0 8010 -52032 1
2525.0 8010 -52032 0
2525.0 8010 -52032 1
2525.0 8010 -52032 0
4525.0 8010 -52032 1
4525.0 8010 -52032 0
6525.0 8010 -52032 1
6525.0 8010 -52032 0
8525.0 8010 -52032 1
8525.0 8010 -52032 0
10525.0 8010 -52032 1
10525.0 8010 -52032 0
12525.0 8010 -52032 1
12525.0 8010 -52032 0
14525.0 8010 -52032 1
14525.0 8010 -52032 0
16525.0 8010 -52032 1
16525.0 8010 -52032 0
18525.0 8010 -52032 1
18525.0 8010 -52032 0
20525.0 8010 -52032 1
20525.0 8010 -52032 0
22525.0 8010 -52032 1
22525.0 8010 -52032 0
24525.0 8010 -52032 1
24525.0 8010 -52032 0
26525.0 8010 -52032 1
26525.0 8010 -52032 0
28525.0 8010 -52032 1
28525.0 8010 -52032 0
30525.0 8010 -52032 1
30525.0 8010 -52032 0
30525.0 8010 -52032 1
30525.0 8010 -52032 0
28525.0 8010 -52032 1
28525.0 8010 -52032 0
26525.0 8010 -52032 1
26525.0 8010 -52032 0
24525.0 8010 -52032 1
24525.0 8010 -52032 0
22525.0 8010 -52032 1
22525.0 8010 -52032 0
20525.0 8010 -52032 1
20525.0 8010 -52032 0
18525.0 8010 -52032 1
18525.0 8010 -52032 0
16525.0 8010 -52032 1
16525.0 8010 -52032 0
14525.0 8010 -52032 1
14525.0 8010 -52032 0
12525.0 8010 -52032 1
12525.0 8010 -52032 0
10525.0 8010 -52032 1
10525.0 8010 -52032 0
8525.0 8010 -52032 1
8525.0 8010 -52032 0
6525.0 8010 -52032 1
6525.0 8010 -52032 0
4525.0 8010 -52032 1
4525.0 8010 -52032 0
2525.0 8010 -52032 1
2525.0 8010 -52032 0
2525.0 -3990 -52032 1
2525.0 -3990 -52032 0
4525.0 -3990 -52032 1
4525.0 -3990 -52032 0
6525.0 -3990 -52032 1
6525.0 -3990 -52032 0
8525.0 -3990 -52032 1
8525.0 -3990 -52032 0
10525.0 -3990 -52032 1
10525.0 -3990 -52032 0
12525.0 -3990 -52032 1
12525.0 -3990 -52032 0
14525.0 -3990 -52032 1
14525.0 -3990 -52032 0
16525.0 -3990 -52032 1
16525.0 -3990 -52032 0
18525.0 -3990 -52032 1
18525.0 -3990 -52032 0
20525.0 -3990 -52032 1
20525.0 -3990 -52032 0
22525.0 -3990 -52032 1
22525.0 -3990 -52032 0
24525.0 -3990 -52032 1
24525.0 -3990 -52032 0
26525.0 -3990 -52032 1
26525.0 -3990 -52032 0
28525.0 -3990 -52032 1
28525.0 -3990 -52032 0
30525.0 -3990 -52032 1
30525.0 -3990 -52032 0
30525.0 -3990 -52032 1
30525.0 -3990 -52032 0
28525.0 -3990 -52032 1
28525.0 -3990 -52032 0
26525.0 -3990 -52032 1
26525.0 -3990 -52032 0
24525.0 -3990 -52032 1
24525.0 -3990 -52032 0
22525.0 -3990 -52032 1
22525.0 -3990 -52032 0
20525.0 -3990 -52032 1
20525.0 -3990 -52032 0
18525.0 -3990 -52032 1
18525.0 -3990 -52032 0
16525.0 -3990 -52032 1
16525.0 -3990 -52032 0
14525.0 -3990 -52032 1
14525.0 -3990 -52032 0
12525.0 -3990 -52032 1
12525.0 -3990 -52032 0
10525.0 -3990 -52032 1
10525.0 -3990 -52032 0
8525.0 -3990 -52032 1
8525.0 -3990 -52032 0
6525.0 -3990 -52032 1
6525.0 -3990 -52032 0
4525.0 -3990 -52032 1
4525.0 -3990 -52032 0
2525.0 -3990 -52032 1
2525.0 -3990 -52032 0
2525.0 -3990 -52032 1
2525.0 -3990 -52032 0
4525.0 -3990 -52032 1
4525.0 -3990 -52032 0
6525.0 -3990 -52032 1
6525.0 -3990 -52032 0
8525.0 -3990 -52032 1
8525.0 -3990 -52032 0
10525.0 -3990 -52032 1
10525.0 -3990 -52032 0
12525.0 -3990 -52032 1
12525.0 -3990 -52032 0
14525.0 -3990 -52032 1
14525.0 -3990 -52032 0
16525.0 -3990 -52032 1
16525.0 -3990 -52032 0
18525.0 -3990 -52032 1
18525.0 -3990 -52032 0
20525.0 -3990 -52032 1
20525.0 -3990 -52032 0
22525.0 -3990 -52032 1
22525.0 -3990 -52032 0
24525.0 -3990 -52032 1
24525.0 -3990 -52032 0
26525.0 -3990 -52032 1
26525.0 -3990 -52032 0
28525.0 -3990 -52032 1
28525.0 -3990 -52032 0
30525.0 -3990 -52032 1
30525.0 -3990 -52032 0
30525.0 -3990 -52032 1
30525.0 -3990 -52032 0
28525.0 -3990 -52032 1
28525.0 -3990 -52032 0
26525.0 -3990 -52032 1
26525.0 -3990 -52032 0
24525.0 -3990 -52032 1
24525.0 -3990 -52032 0
22525.0 -3990 -52032 1
22525.0 -3990 -52032 0
20525.0 -3990 -52032 1
20525.0 -3990 -52032 0
18525.0 -3990 -52032 1
18525.0 -3990 -52032 0
16525.0 -3990 -52032 1
16525.0 -3990 -52032 0
14525.0 -3990 -52032 1
14525.0 -3990 -52032 0
12525.0 -3990 -52032 1
12525.0 -3990 -52032 0
10525.0 -3990 -52032 1
10525.0 -3990 -52032 0
8525.0 -3990 -52032 1
8525.0 -3990 -52032 0
6525.0 -3990 -52032 1
6525.0 -3990 -52032 0
4525.0 -3990 -52032 1
4525.0 -3990 -52032 0
2525.0 -3990 -52032 1
2525.0 -3990 -52032 0
2525.0 10 -52032 1
2525.0 10 -52032 0
4525.0 10 -52032 1
4525.0 10 -52032 0
6525.0 10 -52032 1
6525.0 10 -52032 0
8525.0 10 -52032 1
8525.0 10 -52032 0
10525.0 10 -52032 1
10525.0 10 -52032 0
12525.0 10 -52032 1
12525.0 10 -52032 0
14525.0 10 -52032 1
14525.0 10 -52032 0
16525.0 10 -52032 1
16525.0 10 -52032 0
18525.0 10 -52032 1
18525.0 10 -52032 0
20525.0 10 -52032 1
20525.0 10 -52032 0
22525.0 10 -52032 1
22525.0 10 -52032 0
24525.0 10 -52032 1
24525.0 10 -52032 0
26525.0 10 -52032 1
26525.0 10 -52032 0
28525.0 10 -52032 1
28525.0 10 -52032 0
30525.0 10 -52032 1
30525.0 10 -52032 0
30525.0 10 -52032 1
30525.0 10 -52032 0
28525.0 10 -52032 1
28525.0 10 -52032 0
26525.0 10 -52032 1
26525.0 10 -52032 0
24525.0 10 -52032 1
24525.0 10 -52032 0
22525.0 10 -52032 1
22525.0 10 -52032 0
20525.0 10 -52032 1
20525.0 10 -52032 0
18525.0 10 -52032 1
18525.0 10 -52032 0
16525.0 10 -52032 1
16525.0 10 -52032 0
14525.0 10 -52032 1
14525.0 10 -52032 0
12525.0 10 -52032 1
12525.0 10 -52032 0
10525.0 10 -52032 1
10525.0 10 -52032 0
8525.0 10 -52032 1
8525.0 10 -52032 0
6525.0 10 -52032 1
6525.0 10 -52032 0
4525.0 10 -52032 1
4525.0 10 -52032 0
2525.0 10 -52032 1
2525.0 10 -52032 0
2525.0 10 -52032 1
2525.0 10 -52032 0
4525.0 10 -52032 1
4525.0 10 -52032 0
6525.0 10 -52032 1
6525.0 10 -52032 0
8525.0 10 -52032 1
8525.0 10 -52032 0
10525.0 10 -52032 1
10525.0 10 -52032 0
12525.0 10 -52032 1
12525.0 10 -52032 0
14525.0 10 -52032 1
14525.0 10 -52032 0
16525.0 10 -52032 1
16525.0 10 -52032 0
18525.0 10 -52032 1
18525.0 10 -52032 0
20525.0 10 -52032 1
20525.0 10 -52032 0
22525.0 10 -52032 1
22525.0 10 -52032 0
24525.0 10 -52032 1
24525.0 10 -52032 0
26525.0 10 -52032 1
26525.0 10 -52032 0
28525.0 10 -52032 1
28525.0 10 -52032 0
30525.0 10 -52032 1
30525.0 10 -52032 0
30525.0 10 -52032 1
30525.0 10 -52032 0
28525.0 10 -52032 1
28525.0 10 -52032 0
26525.0 10 -52032 1
26525.0 10 -52032 0
24525.0 10 -52032 1
24525.0 10 -52032 0
22525.0 10 -52032 1
22525.0 10 -52032 0
20525.0 10 -52032 1
20525.0 10 -52032 0
18525.0 10 -52032 1
18525.0 10 -52032 0
16525.0 10 -52032 1
16525.0 10 -52032 0
14525.0 10 -52032 1
14525.0 10 -52032 0
12525.0 10 -52032 1
12525.0 10 -52032 0
10525.0 10 -52032 1
10525.0 10 -52032 0
8525.0 10 -52032 1
8525.0 10 -52032 0
6525.0 10 -52032 1
6525.0 10 -52032 0
4525.0 10 -52032 1
4525.0 10 -52032 0
2525.0 10 -52032 1
2525.0 10 -52032 0