0 4000 -70000.0 1
0 4000 -70000.0 0
0 4000 -66500.0 1
0 4000 -66500.0 0
0 4000 -63000.0 1
0 4000 -63000.0 0
0 4000 -59500.0 1
0 4000 -59500.0 0
0 4000 -56000.0 1
0 4000 -56000.0 0
0 4000 -52500.0 1
0 4000 -52500.0 0
0 4000 -49000.0 1
0 4000 -49000.0 0
0 4000 -45500.0 1
0 4000 -45500.0 0
0 4000 -42000.0 1
0 4000 -42000.0 0
0 4000 -38500.0 1
0 4000 -38500.0 0
0 4000 -35000.0 1
0 4000 -35000.0 0
0 4000 -35000.0 1
0 4000 -35000.0 0
0 4000 -38500.0 1
0 4000 -38500.0 0
0 4000 -42000.0 1
0 4000 -42000.0 0
0 4000 -45500.0 1
0 4000 -45500.0 0
0 4000 -49000.0 1
0 4000 -49000.0 0
0 4000 -52500.0 1
0 4000 -52500.0 0
0 4000 -56000.0 1
0 4000 -56000.0 0
0 4000 -59500.0 1
0 4000 -59500.0 0
0 4000 -63000.0 1
0 4000 -63000.0 0
0 4000 -66500.0 1
0 4000 -66500.0 0
0 4000 -70000.0 1
0 4000 -70000.0 0
0 4000 -70000.0 1
0 4000 -70000.0 0
0 4000 -66500.0 1
0 4000 -66500.0 0
0 4000 -63000.0 1
0 4000 -63000.0 0
0 4000 -59500.0 1
0 4000 -59500.0 0
0 4000 -56000.0 1
0 4000 -56000.0 0
0 4000 -52500.0 1
0 4000 -52500.0 0
0 4000 -49000.0 1
0 4000 -49000.0 0
0 4000 -45500.0 1
0 4000 -45500.0 0
0 4000 -42000.0 1
0 4000 -42000.0 0
0 4000 -38500.0 1
0 4000 -38500.0 0
0 4000 -35000.0 1
0 4000 -35000.0 0
0 4000 -35000.0 1
0 4000 -35000.0 0
0 4000 -38500.0 1
0 4000 -38500.0 0
0 4000 -42000.0 1
0 4000 -42000.0 0
0 4000 -45500.0 1
0 4000 -45500.0 0
0 4000 -49000.0 1
0 4000 -49000.0 0
0 4000 -52500.0 1
0 4000 -52500.0 0
0 4000 -56000.0 1
0 4000 -56000.0 0
0 4000 -59500.0 1
0 4000 -59500.0 0
0 4000 -63000.0 1
0 4000 -63000.0 0
0 4000 -66500.0 1
0 4000 -66500.0 0
0 4000 -70000.0 1
0 4000 -70000.0 0
0 4000 -70000.0 1
0 4000 -70000.0 0
0 4000 -66500.0 1
0 4000 -66500.0 0
0 4000 -63000.0 1
0 4000 -63000.0 0
0 4000 -59500.0 1
0 4000 -59500.0 0
0 4000 -56000.0 1
0 4000 -56000.0 0
0 4000 -52500.0 1
0 4000 -52500.0 0
0 4000 -49000.0 1
0 4000 -49000.0 0
0 4000 -45500.0 1
0 4000 -45500.0 0
0 4000 -42000.0 1
0 4000 -42000.0 0
0 4000 -38500.0 1
0 4000 -38500.0 0
0 4000 -35000.0 1
0 4000 -35000.0 0
0.0 4000 -70000 1
0.0 4000 -70000 0
4000.0 4000 -70000 1
4000.0 4000 -70000 0
8000.0 4000 -70000 1
8000.0 4000 -70000 0
12000.0 4000 -70000 1
12000.0 4000 -70000 0
16000.0 4000 -70000 1
16000.0 4000 -70000 0
20000.0 4000 -70000 1
20000.0 4000 -70000 0
24000.0 4000 -70000 1
24000.0 4000 -70000 0
28000.0 4000 -70000 1
28000.0 4000 -70000 0
28000.0 4000 -70000 1
28000.0 4000 -70000 0
24000.0 4000 -70000 1
24000.0 4000 -70000 0
20000.0 4000 -70000 1
20000.0 4000 -70000 0
16000.0 4000 -70000 1
16000.0 4000 -70000 0
12000.0 4000 -70000 1
12000.0 4000 -70000 0
8000.0 4000 -70000 1
8000.0 4000 -70000 0
4000.0 4000 -70000 1
4000.0 4000 -70000 0
0.0 4000 -70000 1
0.0 4000 -70000 0
0.0 4000 -70000 1
0.0 4000 -70000 0
4000.0 4000 -70000 1
4000.0 4000 -70000 0
8000.0 4000 -70000 1
8000.0 4000 -70000 0
12000.0 4000 -70000 1
12000.0 4000 -70000 0
16000.0 4000 -70000 1
16000.0 4000 -70000 0
20000.0 4000 -70000 1
20000.0 4000 -70000 0
24000.0 4000 -70000 1
24000.0 4000 -70000 0
28000.0 4000 -70000 1
28000.0 4000 -70000 0
28000.0 4000 -70000 1
28000.0 4000 -70000 0
24000.0 4000 -70000 1
24000.0 4000 -70000 0
20000.0 4000 -70000 1
20000.0 4000 -70000 0
16000.0 4000 -70000 1
16000.0 4000 -70000 0
12000.0 4000 -70000 1
12000.0 4000 -70000 0
8000.0 4000 -70000 1
8000.0 4000 -70000 0
4000.0 4000 -70000 1
4000.0 4000 -70000 0
0.0 4000 -70000 1
0.0 4000 -70000 0
0.0 4000 -70000 1
0.0 4000 -70000 0
4000.0 4000 -70000 1
4000.0 4000 -70000 0
8000.0 4000 -70000 1
8000.0 4000 -70000 0
12000.0 4000 -70000 1
12000.0 4000 -70000 0
16000.0 4000 -70000 1
16000.0 4000 -70000 0
20000.0 4000 -70000 1
20000.0 4000 -70000 0
24000.0 4000 -70000 1
24000.0 4000 -70000 0
28000.0 4000 -70000 1
28000.0 4000 -70000 0
0.0 8000 -70000 1
0.0 8000 -70000 0
4000.0 8000 -70000 1
4000.0 8000 -70000 0
8000.0 8000 -70000 1
8000.0 8000 -70000 0
12000.0 8000 -70000 1
12000.0 8000 -70000 0
16000.0 8000 -70000 1
16000.0 8000 -70000 0
20000.0 8000 -70000 1
20000.0 8000 -70000 0
24000.0 8000 -70000 1
24000.0 8000 -70000 0
28000.0 8000 -70000 1
28000.0 8000 -70000 0
28000.0 8000 -70000 1
28000.0 8000 -70000 0
24000.0 8000 -70000 1
24000.0 8000 -70000 0
20000.0 8000 -70000 1
20000.0 8000 -70000 0
16000.0 8000 -70000 1
16000.0 8000 -70000 0
12000.0 8000 -70000 1
12000.0 8000 -70000 0
8000.0 8000 -70000 1
8000.0 8000 -70000 0
4000.0 8000 -70000 1
4000.0 8000 -70000 0
0.0 8000 -70000 1
0.0 8000 -70000 0
0.0 8000 -70000 1
0.0 8000 -70000 0
4000.0 8000 -70000 1
4000.0 8000 -70000 0
8000.0 8000 -70000 1
8000.0 8000 -70000 0
12000.0 8000 -70000 1
12000.0 8000 -70000 0
16000.0 8000 -70000 1
16000.0 8000 -70000 0
20000.0 8000 -70000 1
20000.0 8000 -70000 0
24000.0 8000 -70000 1
24000.0 8000 -70000 0
28000.0 8000 -70000 1
28000.0 8000 -70000 0
28000.0 8000 -70000 1
28000.0 8000 -70000 0
24000.0 8000 -70000 1
24000.0 8000 -70000 0
20000.0 8000 -70000 1
20000.0 8000 -70000 0
16000.0 8000 -70000 1
16000.0 8000 -70000 0
12000.0 8000 -70000 1
12000.0 8000 -70000 0
8000.0 8000 -70000 1
8000.0 8000 -70000 0
4000.0 8000 -70000 1
4000.0 8000 -70000 0
0.0 8000 -70000 1
0.0 8000 -70000 0
0.0 8000 -70000 1
0.0 8000 -70000 0
4000.0 8000 -70000 1
4000.0 8000 -70000 0
8000.0 8000 -70000 1
8000.0 8000 -70000 0
12000.0 8000 -70000 1
12000.0 8000 -70000 0
16000.0 8000 -70000 1
16000.0 8000 -70000 0
20000.0 8000 -70000 1
20000.0 8000 -70000 0
24000.0 8000 -70000 1
24000.0 8000 -70000 0
28000.0 8000 -70000 1
28000.0 8000 -70000 0
0.0 -4000 -70000 1
0.0 -4000 -70000 0
4000.0 -4000 -70000 1
4000.0 -4000 -70000 0
8000.0 -4000 -70000 1
8000.0 -4000 -70000 0
12000.0 -4000 -70000 1
12000.0 -4000 -70000 0
16000.0 -4000 -70000 1
16000.0 -4000 -70000 0
20000.0 -4000 -70000 1
20000.0 -4000 -70000 0
24000.0 -4000 -70000 1
24000.0 -4000 -70000 0
28000.0 -4000 -70000 1
28000.0 -4000 -70000 0
28000.0 -4000 -70000 1
28000.0 -4000 -70000 0
24000.0 -4000 -70000 1
24000.0 -4000 -70000 0
20000.0 -4000 -70000 1
20000.0 -4000 -70000 0
16000.0 -4000 -70000 1
16000.0 -4000 -70000 0
12000.0 -4000 -70000 1
12000.0 -4000 -70000 0
8000.0 -4000 -70000 1
8000.0 -4000 -70000 0
4000.0 -4000 -70000 1
4000.0 -4000 -70000 0
0.0 -4000 -70000 1
0.0 -4000 -70000 0
0.0 -4000 -70000 1
0.0 -4000 -70000 0
4000.0 -4000 -70000 1
4000.0 -4000 -70000 0
8000.0 -4000 -70000 1
8000.0 -4000 -70000 0
12000.0 -4000 -70000 1
12000.0 -4000 -70000 0
16000.0 -4000 -70000 1
16000.0 -4000 -70000 0
20000.0 -4000 -70000 1
20000.0 -4000 -70000 0
24000.0 -4000 -70000 1
24000.0 -4000 -70000 0
28000.0 -4000 -70000 1
28000.0 -4000 -70000 0
28000.0 -4000 -70000 1
28000.0 -4000 -70000 0
24000.0 -4000 -70000 1
24000.0 -4000 -70000 0
20000.0 -4000 -70000 1
20000.0 -4000 -70000 0
16000.0 -4000 -70000 1
16000.0 -4000 -70000 0
12000.0 -4000 -70000 1
12000.0 -4000 -70000 0
8000.0 -4000 -70000 1
8000.0 -4000 -70000 0
4000.0 -4000 -70000 1
4000.0 -4000 -70000 0
0.0 -4000 -70000 1
0.0 -4000 -70000 0
0.0 -4000 -70000 1
0.0 -4000 -70000 0
4000.0 -4000 -70000 1
4000.0 -4000 -70000 0
8000.0 -4000 -70000 1
8000.0 -4000 -70000 0
12000.0 -4000 -70000 1
12000.0 -4000 -70000 0
16000.0 -4000 -70000 1
16000.0 -4000 -70000 0
20000.0 -4000 -70000 1
20000.0 -4000 -70000 0
24000.0 -4000 -70000 1
24000.0 -4000 -70000 0
28000.0 -4000 -70000 1
28000.0 -4000 -70000 0
0.0 0 -70000 1
0.0 0 -70000 0
4000.0 0 -70000 1
4000.0 0 -70000 0
8000.0 0 -70000 1
8000.0 0 -70000 0
12000.0 0 -70000 1
12000.0 0 -70000 0
16000.0 0 -70000 1
16000.0 0 -70000 0
20000.0 0 -70000 1
20000.0 0 -70000 0
24000.0 0 -70000 1
24000.0 0 -70000 0
28000.0 0 -70000 1
28000.0 0 -70000 0
28000.0 0 -70000 1
28000.0 0 -70000 0
24000.0 0 -70000 1
24000.0 0 -70000 0
20000.0 0 -70000 1
20000.0 0 -70000 0
16000.0 0 -70000 1
16000.0 0 -70000 0
12000.0 0 -70000 1
12000.0 0 -70000 0
8000.0 0 -70000 1
8000.0 0 -70000 0
4000.0 0 -70000 1
4000.0 0 -70000 0
0.0 0 -70000 1
0.0 0 -70000 0
0.0 0 -70000 1
0.0 0 -70000 0
4000.0 0 -70000 1
4000.0 0 -70000 0
8000.0 0 -70000 1
8000.0 0 -70000 0
12000.0 0 -70000 1
12000.0 0 -70000 0
16000.0 0 -70000 1
16000.0 0 -70000 0
20000.0 0 -70000 1
20000.0 0 -70000 0
24000.0 0 -70000 1
24000.0 0 -70000 0
28000.0 0 -70000 1
28000.0 0 -70000 0
28000.0 0 -70000 1
28000.0 0 -70000 0
24000.0 0 -70000 1
24000.0 0 -70000 0
20000.0 0 -70000 1
20000.0 0 -70000 0
16000.0 0 -70000 1
16000.0 0 -70000 0
12000.0 0 -70000 1
12000.0 0 -70000 0
8000.0 0 -70000 1
8000.0 0 -70000 0
4000.0 0 -70000 1
4000.0 0 -70000 0
0.0 0 -70000 1
0.0 0 -70000 0
0.0 0 -70000 1
0.0 0 -70000 0
4000.0 0 -70000 1
4000.0 0 -70000 0
8000.0 0 -70000 1
8000.0 0 -70000 0
12000.0 0 -70000 1
12000.0 0 -70000 0
16000.0 0 -70000 1
16000.0 0 -70000 0
20000.0 0 -70000 1
20000.0 0 -70000 0
24000.0 0 -70000 1
24000.0 0 -70000 0
28000.0 0 -70000 1
28000.0 0 -70000 0
0.0 4000 -64327 1
0.0 4000 -64327 0
4000.0 4000 -64327 1
4000.0 4000 -64327 0
8000.0 4000 -64327 1
8000.0 4000 -64327 0
12000.0 4000 -64327 1
12000.0 4000 -64327 0
16000.0 4000 -64327 1
16000.0 4000 -64327 0
20000.0 4000 -64327 1
20000.0 4000 -64327 0
24000.0 4000 -64327 1
24000.0 4000 -64327 0
28000.0 4000 -64327 1
28000.0 4000 -64327 0
28000.0 4000 -64327 1
28000.0 4000 -64327 0
24000.0 4000 -64327 1
24000.0 4000 -64327 0
20000.0 4000 -64327 1
20000.0 4000 -64327 0
16000.0 4000 -64327 1
16000.0 4000 -64327 0
12000.0 4000 -64327 1
12000.0 4000 -64327 0
8000.0 4000 -64327 1
8000.0 4000 -64327 0
4000.0 4000 -64327 1
4000.0 4000 -64327 0
0.0 4000 -64327 1
0.0 4000 -64327 0
0.0 4000 -64327 1
0.0 4000 -64327 0
4000.0 4000 -64327 1
4000.0 4000 -64327 0
8000.0 4000 -64327 1
8000.0 4000 -64327 0
12000.0 4000 -64327 1
12000.0 4000 -64327 0
16000.0 4000 -64327 1
16000.0 4000 -64327 0
20000.0 4000 -64327 1
20000.0 4000 -64327 0
24000.0 4000 -64327 1
24000.0 4000 -64327 0
28000.0 4000 -64327 1
28000.0 4000 -64327 0
28000.0 4000 -64327 1
28000.0 4000 -64327 0
24000.0 4000 -64327 1
24000.0 4000 -64327 0
20000.0 4000 -64327 1
20000.0 4000 -64327 0
16000.0 4000 -64327 1
16000.0 4000 -64327 0
12000.0 4000 -64327 1
12000.0 4000 -64327 0
8000.0 4000 -64327 1
8000.0 4000 -64327 0
4000.0 4000 -64327 1
4000.0 4000 -64327 0
0.0 4000 -64327 1
0.0 4000 -64327 0
0.0 4000 -64327 1
0.0 4000 -64327 0
4000.0 4000 -64327 1
4000.0 4000 -64327 0
8000.0 4000 -64327 1
8000.0 4000 -64327 0
12000.0 4000 -64327 1
12000.0 4000 -64327 0
16000.0 4000 -64327 1
16000.0 4000 -64327 0
20000.0 4000 -64327 1
20000.0 4000 -64327 0
24000.0 4000 -64327 1
24000.0 4000 -64327 0
28000.0 4000 -64327 1
28000.0 4000 -64327 0
0.0 8000 -64327 1
0.0 8000 -64327 0
4000.0 8000 -64327 1
4000.0 8000 -64327 0
8000.0 8000 -64327 1
8000.0 8000 -64327 0
12000.0 8000 -64327 1
12000.0 8000 -64327 0
16000.0 8000 -64327 1
16000.0 8000 -64327 0
20000.0 8000 -64327 1
20000.0 8000 -64327 0
24000.0 8000 -64327 1
24000.0 8000 -64327 0
28000.0 8000 -64327 1
28000.0 8000 -64327 0
28000.0 8000 -64327 1
28000.0 8000 -64327 0
24000.0 8000 -64327 1
24000.0 8000 -64327 0
20000.0 8000 -64327 1
20000.0 8000 -64327 0
16000.0 8000 -64327 1
16000.0 8000 -64327 0
12000.0 8000 -64327 1
12000.0 8000 -64327 0
8000.0 8000 -64327 1
8000.0 8000 -64327 0
4000.0 8000 -64327 1
4000.0 8000 -64327 0
0.0 8000 -64327 1
0.0 8000 -64327 0
0.0 8000 -64327 1
0.0 8000 -64327 0
4000.0 8000 -64327 1
4000.0 8000 -64327 0
8000.0 8000 -64327 1
8000.0 8000 -64327 0
12000.0 8000 -64327 1
12000.0 8000 -64327 0
16000.0 8000 -64327 1
16000.0 8000 -64327 0
20000.0 8000 -64327 1
20000.0 8000 -64327 0
24000.0 8000 -64327 1
24000.0 8000 -64327 0
28000.0 8000 -64327 1
28000.0 8000 -64327 0
28000.0 8000 -64327 1
28000.0 8000 -64327 0
24000.0 8000 -64327 1
24000.0 8000 -64327 0
20000.0 8000 -64327 1
20000.0 8000 -64327 0
16000.0 8000 -64327 1
16000.0 8000 -64327 0
12000.0 8000 -64327 1
12000.0 8000 -64327 0
8000.0 8000 -64327 1
8000.0 8000 -64327 0
4000.0 8000 -64327 1
4000.0 8000 -64327 0
0.0 8000 -64327 1
0.0 8000 -64327 0
0.0 8000 -64327 1
0.0 8000 -64327 0
4000.0 8000 -64327 1
4000.0 8000 -64327 0
8000.0 8000 -64327 1
8000.0 8000 -64327 0
12000.0 8000 -64327 1
12000.0 8000 -64327 0
16000.0 8000 -64327 1
16000.0 8000 -64327 0
20000.0 8000 -64327 1
20000.0 8000 -64327 0
24000.0 8000 -64327 1
24000.0 8000 -64327 0
28000.0 8000 -64327 1
28000.0 8000 -64327 0
0.0 -4000 -64327 1
0.0 -4000 -64327 0
4000.0 -4000 -64327 1
4000.0 -4000 -64327 0
8000.0 -4000 -64327 1
8000.0 -4000 -64327 0
12000.0 -4000 -64327 1
12000.0 -4000 -64327 0
16000.0 -4000 -64327 1
16000.0 -4000 -64327 0
20000.0 -4000 -64327 1
20000.0 -4000 -64327 0
24000.0 -4000 -64327 1
24000.0 -4000 -64327 0
28000.0 -4000 -64327 1
28000.0 -4000 -64327 0
28000.0 -4000 -64327 1
28000.0 -4000 -64327 0
24000.0 -4000 -64327 1
24000.0 -4000 -64327 0
20000.0 -4000 -64327 1
20000.0 -4000 -64327 0
16000.0 -4000 -64327 1
16000.0 -4000 -64327 0
12000.0 -4000 -64327 1
12000.0 -4000 -64327 0
8000.0 -4000 -64327 1
8000.0 -4000 -64327 0
4000.0 -4000 -64327 1
4000.0 -4000 -64327 0
0.0 -4000 -64327 1
0.0 -4000 -64327 0
0.0 -4000 -64327 1
0.0 -4000 -64327 0
4000.0 -4000 -64327 1
4000.0 -4000 -64327 0
8000.0 -4000 -64327 1
8000.0 -4000 -64327 0
12000.0 -4000 -64327 1
12000.0 -4000 -64327 0
16000.0 -4000 -64327 1
16000.0 -4000 -64327 0
20000.0 -4000 -64327 1
20000.0 -4000 -64327 0
24000.0 -4000 -64327 1
24000.0 -4000 -64327 0
28000.0 -4000 -64327 1
28000.0 -4000 -64327 0
28000.0 -4000 -64327 1
28000.0 -4000 -64327 0
24000.0 -4000 -64327 1
24000.0 -4000 -64327 0
20000.0 -4000 -64327 1
20000.0 -4000 -64327 0
16000.0 -4000 -64327 1
16000.0 -4000 -64327 0
12000.0 -4000 -64327 1
12000.0 -4000 -64327 0
8000.0 -4000 -64327 1
8000.0 -4000 -64327 0
4000.0 -4000 -64327 1
4000.0 -4000 -64327 0
0.0 -4000 -64327 1
0.0 -4000 -64327 0
0.0 -4000 -64327 1
0.0 -4000 -64327 0
4000.0 -4000 -64327 1
4000.0 -4000 -64327 0
8000.0 -4000 -64327 1
8000.0 -4000 -64327 0
12000.0 -4000 -64327 1
12000.0 -4000 -64327 0
16000.0 -4000 -64327 1
16000.0 -4000 -64327 0
20000.0 -4000 -64327 1
20000.0 -4000 -64327 0
24000.0 -4000 -64327 1
24000.0 -4000 -64327 0
28000.0 -4000 -64327 1
28000.0 -4000 -64327 0
0.0 0 -64327 1
0.0 0 -64327 0
4000.0 0 -64327 1
4000.0 0 -64327 0
8000.0 0 -64327 1
8000.0 0 -64327 0
12000.0 0 -64327 1
12000.0 0 -64327 0
16000.0 0 -64327 1
16000.0 0 -64327 0
20000.0 0 -64327 1
20000.0 0 -64327 0
24000.0 0 -64327 1
24000.0 0 -64327 0
28000.0 0 -64327 1
28000.0 0 -64327 0
28000.0 0 -64327 1
28000.0 0 -64327 0
24000.0 0 -64327 1
24000.0 0 -64327 0
20000.0 0 -64327 1
20000.0 0 -64327 0
16000.0 0 -64327 1
16000.0 0 -64327 0
12000.0 0 -64327 1
12000.0 0 -64327 0
8000.0 0 -64327 1
8000.0 0 -64327 0
4000.0 0 -64327 1
4000.0 0 -64327 0
0.0 0 -64327 1
0.0 0 -64327 0
0.0 0 -64327 1
0.0 0 -64327 0
4000.0 0 -64327 1
4000.0 0 -64327 0
8000.0 0 -64327 1
8000.0 0 -64327 0
12000.0 0 -64327 1
12000.0 0 -64327 0
16000.0 0 -64327 1
16000.0 0 -64327 0
20000.0 0 -64327 1
20000.0 0 -64327 0
24000.0 0 -64327 1
24000.0 0 -64327 0
28000.0 0 -64327 1
28000.0 0 -64327 0
28000.0 0 -64327 1
28000.0 0 -64327 0
24000.0 0 -64327 1
24000.0 0 -64327 0
20000.0 0 -64327 1
20000.0 0 -64327 0
16000.0 0 -64327 1
16000.0 0 -64327 0
12000.0 0 -64327 1
12000.0 0 -64327 0
8000.0 0 -64327 1
8000.0 0 -64327 0
4000.0 0 -64327 1
4000.0 0 -64327 0
0.0 0 -64327 1
0.0 0 -64327 0
0.0 0 -64327 1
0.0 0 -64327 0
4000.0 0 -64327 1
4000.0 0 -64327 0
8000.0 0 -64327 1
8000.0 0 -64327 0
12000.0 0 -64327 1
12000.0 0 -64327 0
16000.0 0 -64327 1
16000.0 0 -64327 0
20000.0 0 -64327 1
20000.0 0 -64327 0
24000.0 0 -64327 1
24000.0 0 -64327 0
28000.0 0 -64327 1
28000.0 0 -64327 0
0.0 4000 -58654 1
0.0 4000 -58654 0
4000.0 4000 -58654 1
4000.0 4000 -58654 0
8000.0 4000 -58654 1
8000.0 4000 -58654 0
12000.0 4000 -58654 1
12000.0 4000 -58654 0
16000.0 4000 -58654 1
16000.0 4000 -58654 0
20000.0 4000 -58654 1
20000.0 4000 -58654 0
24000.0 4000 -58654 1
24000.0 4000 -58654 0
28000.0 4000 -58654 1
28000.0 4000 -58654 0
28000.0 4000 -58654 1
28000.0 4000 -58654 0
24000.0 4000 -58654 1
24000.0 4000 -58654 0
20000.0 4000 -58654 1
20000.0 4000 -58654 0
16000.0 4000 -58654 1
16000.0 4000 -58654 0
12000.0 4000 -58654 1
12000.0 4000 -58654 0
8000.0 4000 -58654 1
8000.0 4000 -58654 0
4000.0 4000 -58654 1
4000.0 4000 -58654 0
0.0 4000 -58654 1
0.0 4000 -58654 0
0.0 4000 -58654 1
0.0 4000 -58654 0
4000.0 4000 -58654 1
4000.0 4000 -58654 0
8000.0 4000 -58654 1
8000.0 4000 -58654 0
12000.0 4000 -58654 1
12000.0 4000 -58654 0
16000.0 4000 -58654 1
16000.0 4000 -58654 0
20000.0 4000 -58654 1
20000.0 4000 -58654 0
24000.0 4000 -58654 1
24000.0 4000 -58654 0
28000.0 4000 -58654 1
28000.0 4000 -58654 0
28000.0 4000 -58654 1
28000.0 4000 -58654 0
24000.0 4000 -58654 1
24000.0 4000 -58654 0
20000.0 4000 -58654 1
20000.0 4000 -58654 0
16000.0 4000 -58654 1
16000.0 4000 -58654 0
12000.0 4000 -58654 1
12000.0 4000 -58654 0
8000.0 4000 -58654 1
8000.0 4000 -58654 0
4000.0 4000 -58654 1
4000.0 4000 -58654 0
0.0 4000 -58654 1
0.0 4000 -58654 0
0.0 4000 -58654 1
0.0 4000 -58654 0
4000.0 4000 -58654 1
4000.0 4000 -58654 0
8000.0 4000 -58654 1
8000.0 4000 -58654 0
12000.0 4000 -58654 1
12000.0 4000 -58654 0
16000.0 4000 -58654 1
16000.0 4000 -58654 0
20000.0 4000 -58654 1
20000.0 4000 -58654 0
24000.0 4000 -58654 1
24000.0 4000 -58654 0
28000.0 4000 -58654 1
28000.0 4000 -58654 0
0.0 8000 -58654 1
0.0 8000 -58654 0
4000.0 8000 -58654 1
4000.0 8000 -58654 0
8000.0 8000 -58654 1
8000.0 8000 -58654 0
12000.0 8000 -58654 1
12000.0 8000 -58654 0
16000.0 8000 -58654 1
16000.0 8000 -58654 0
20000.0 8000 -58654 1
20000.0 8000 -58654 0
24000.0 8000 -58654 1
24000.0 8000 -58654 0
28000.0 8000 -58654 1
28000.0 8000 -58654 0
28000.0 8000 -58654 1
28000.0 8000 -58654 0
24000.0 8000 -58654 1
24000.0 8000 -58654 0
20000.0 8000 -58654 1
20000.0 8000 -58654 0
16000.0 8000 -58654 1
16000.0 8000 -58654 0
12000.0 8000 -58654 1
12000.0 8000 -58654 0
8000.0 8000 -58654 1
8000.0 8000 -58654 0
4000.0 8000 -58654 1
4000.0 8000 -58654 0
0.0 8000 -58654 1
0.0 8000 -58654 0
0.0 8000 -58654 1
0.0 8000 -58654 0
4000.0 8000 -58654 1
4000.0 8000 -58654 0
8000.0 8000 -58654 1
8000.0 8000 -58654 0
12000.0 8000 -58654 1
12000.0 8000 -58654 0
16000.0 8000 -58654 1
16000.0 8000 -58654 0
20000.0 8000 -58654 1
20000.0 8000 -58654 0
24000.0 8000 -58654 1
24000.0 8000 -58654 0
28000.0 8000 -58654 1
28000.0 8000 -58654 0
28000.0 8000 -58654 1
28000.0 8000 -58654 0
24000.0 8000 -58654 1
24000.0 8000 -58654 0
20000.0 8000 -58654 1
20000.0 8000 -58654 0
16000.0 8000 -58654 1
16000.0 8000 -58654 0
12000.0 8000 -58654 1
12000.0 8000 -58654 0
8000.0 8000 -58654 1
8000.0 8000 -58654 0
4000.0 8000 -58654 1
4000.0 8000 -58654 0
0.0 8000 -58654 1
0.0 8000 -58654 0
0.0 8000 -58654 1
0.0 8000 -58654 0
4000.0 8000 -58654 1
4000.0 8000 -58654 0
8000.0 8000 -58654 1
8000.0 8000 -58654 0
12000.0 8000 -58654 1
12000.0 8000 -58654 0
16000.0 8000 -58654 1
16000.0 8000 -58654 0
20000.0 8000 -58654 1
20000.0 8000 -58654 0
24000.0 8000 -58654 1
24000.0 8000 -58654 0
28000.0 8000 -58654 1
28000.0 8000 -58654 0
0.0 -4000 -58654 1
0.0 -4000 -58654 0
4000.0 -4000 -58654 1
4000.0 -4000 -58654 0
8000.0 -4000 -58654 1
8000.0 -4000 -58654 0
12000.0 -4000 -58654 1
12000.0 -4000 -58654 0
16000.0 -4000 -58654 1
16000.0 -4000 -58654 0
20000.0 -4000 -58654 1
20000.0 -4000 -58654 0
24000.0 -4000 -58654 1
24000.0 -4000 -58654 0
28000.0 -4000 -58654 1
28000.0 -4000 -58654 0
28000.0 -4000 -58654 1
28000.0 -4000 -58654 0
24000.0 -4000 -58654 1
24000.0 -4000 -58654 0
20000.0 -4000 -58654 1
20000.0 -4000 -58654 0
16000.0 -4000 -58654 1
16000.0 -4000 -58654 0
12000.0 -4000 -58654 1
12000.0 -4000 -58654 0
8000.0 -4000 -58654 1
8000.0 -4000 -58654 0
4000.0 -4000 -58654 1
4000.0 -4000 -58654 0
0.0 -4000 -58654 1
0.0 -4000 -58654 0
0.0 -4000 -58654 1
0.0 -4000 -58654 0
4000.0 -4000 -58654 1
4000.0 -4000 -58654 0
8000.0 -4000 -58654 1
8000.0 -4000 -58654 0
12000.0 -4000 -58654 1
12000.0 -4000 -58654 0
16000.0 -4000 -58654 1
16000.0 -4000 -58654 0
20000.0 -4000 -58654 1
20000.0 -4000 -58654 0
24000.0 -4000 -58654 1
24000.0 -4000 -58654 0
28000.0 -4000 -58654 1
28000.0 -4000 -58654 0
28000.0 -4000 -58654 1
28000.0 -4000 -58654 0
24000.0 -4000 -58654 1
24000.0 -4000 -58654 0
20000.0 -4000 -58654 1
20000.0 -4000 -58654 0
16000.0 -4000 -58654 1
16000.0 -4000 -58654 0
12000.0 -4000 -58654 1
12000.0 -4000 -58654 0
8000.0 -4000 -58654 1
8000.0 -4000 -58654 0
4000.0 -4000 -58654 1
4000.0 -4000 -58654 0
0.0 -4000 -58654 1
0.0 -4000 -58654 0
0.0 -4000 -58654 1
0.0 -4000 -58654 0
4000.0 -4000 -58654 1
4000.0 -4000 -58654 0
8000.0 -4000 -58654 1
8000.0 -4000 -58654 0
12000.0 -4000 -58654 1
12000.0 -4000 -58654 0
16000.0 -4000 -58654 1
16000.0 -4000 -58654 0
20000.0 -4000 -58654 1
20000.0 -4000 -58654 0
24000.0 -4000 -58654 1
24000.0 -4000 -58654 0
28000.0 -4000 -58654 1
28000.0 -4000 -58654 0
0.0 0 -58654 1
0.0 0 -58654 0
4000.0 0 -58654 1
4000.0 0 -58654 0
8000.0 0 -58654 1
8000.0 0 -58654 0
12000.0 0 -58654 1
12000.0 0 -58654 0
16000.0 0 -58654 1
16000.0 0 -58654 0
20000.0 0 -58654 1
20000.0 0 -58654 0
24000.0 0 -58654 1
24000.0 0 -58654 0
28000.0 0 -58654 1
28000.0 0 -58654 0
28000.0 0 -58654 1
28000.0 0 -58654 0
24000.0 0 -58654 1
24000.0 0 -58654 0
20000.0 0 -58654 1
20000.0 0 -58654 0
16000.0 0 -58654 1
16000.0 0 -58654 0
12000.0 0 -58654 1
12000.0 0 -58654 0
8000.0 0 -58654 1
8000.0 0 -58654 0
4000.0 0 -58654 1
4000.0 0 -58654 0
0.0 0 -58654 1
0.0 0 -58654 0
0.0 0 -58654 1
0.0 0 -58654 0
4000.0 0 -58654 1
4000.0 0 -58654 0
8000.0 0 -58654 1
8000.0 0 -58654 0
12000.0 0 -58654 1
12000.0 0 -58654 0
16000.0 0 -58654 1
16000.0 0 -58654 0
20000.0 0 -58654 1
20000.0 0 -58654 0
24000.0 0 -58654 1
24000.0 0 -58654 0
28000.0 0 -58654 1
28000.0 0 -58654 0
28000.0 0 -58654 1
28000.0 0 -58654 0
24000.0 0 -58654 1
24000.0 0 -58654 0
20000.0 0 -58654 1
20000.0 0 -58654 0
16000.0 0 -58654 1
16000.0 0 -58654 0
12000.0 0 -58654 1
12000.0 0 -58654 0
8000.0 0 -58654 1
8000.0 0 -58654 0
4000.0 0 -58654 1
4000.0 0 -58654 0
0.0 0 -58654 1
0.0 0 -58654 0
0.0 0 -58654 1
0.0 0 -58654 0
4000.0 0 -58654 1
4000.0 0 -58654 0
8000.0 0 -58654 1
8000.0 0 -58654 0
12000.0 0 -58654 1
12000.0 0 -58654 0
16000.0 0 -58654 1
16000.0 0 -58654 0
20000.0 0 -58654 1
20000.0 0 -58654 0
24000.0 0 -58654 1
24000.0 0 -58654 0
28000.0 0 -58654 1
28000.0 0 -58654 0
0.0 4000 -52981 1
0.0 4000 -52981 0
4000.0 4000 -52981 1
4000.0 4000 -52981 0
8000.0 4000 -52981 1
8000.0 4000 -52981 0
12000.0 4000 -52981 1
12000.0 4000 -52981 0
16000.0 4000 -52981 1
16000.0 4000 -52981 0
20000.0 4000 -52981 1
20000.0 4000 -52981 0
24000.0 4000 -52981 1
24000.0 4000 -52981 0
28000.0 4000 -52981 1
28000.0 4000 -52981 0
28000.0 4000 -52981 1
28000.0 4000 -52981 0
24000.0 4000 -52981 1
24000.0 4000 -52981 0
20000.0 4000 -52981 1
20000.0 4000 -52981 0
16000.0 4000 -52981 1
16000.0 4000 -52981 0
12000.0 4000 -52981 1
12000.0 4000 -52981 0
8000.0 4000 -52981 1
8000.0 4000 -52981 0
4000.0 4000 -52981 1
4000.0 4000 -52981 0
0.0 4000 -52981 1
0.0 4000 -52981 0
0.0 4000 -52981 1
0.0 4000 -52981 0
4000.0 4000 -52981 1
4000.0 4000 -52981 0
8000.0 4000 -52981 1
8000.0 4000 -52981 0
12000.0 4000 -52981 1
12000.0 4000 -52981 0
16000.0 4000 -52981 1
16000.0 4000 -52981 0
20000.0 4000 -52981 1
20000.0 4000 -52981 0
24000.0 4000 -52981 1
24000.0 4000 -52981 0
28000.0 4000 -52981 1
28000.0 4000 -52981 0
28000.0 4000 -52981 1
28000.0 4000 -52981 0
24000.0 4000 -52981 1
24000.0 4000 -52981 0
20000.0 4000 -52981 1
20000.0 4000 -52981 0
16000.0 4000 -52981 1
16000.0 4000 -52981 0
12000.0 4000 -52981 1
12000.0 4000 -52981 0
8000.0 4000 -52981 1
8000.0 4000 -52981 0
4000.0 4000 -52981 1
4000.0 4000 -52981 0
0.0 4000 -52981 1
0.0 4000 -52981 0
0.0 4000 -52981 1
0.0 4000 -52981 0
4000.0 4000 -52981 1
4000.0 4000 -52981 0
8000.0 4000 -52981 1
8000.0 4000 -52981 0
12000.0 4000 -52981 1
12000.0 4000 -52981 0
16000.0 4000 -52981 1
16000.0 4000 -52981 0
20000.0 4000 -52981 1
20000.0 4000 -52981 0
24000.0 4000 -52981 1
24000.0 4000 -52981 0
28000.0 4000 -52981 1
28000.0 4000 -52981 0
0.0 8000 -52981 1
0.0 8000 -52981 0
4000.0 8000 -52981 1
4000.0 8000 -52981 0
8000.0 8000 -52981 1
8000.0 8000 -52981 0
12000.0 8000 -52981 1
12000.0 8000 -52981 0
16000.0 8000 -52981 1
16000.0 8000 -52981 0
20000.0 8000 -52981 1
20000.0 8000 -52981 0
24000.0 8000 -52981 1
24000.0 8000 -52981 0
28000.0 8000 -52981 1
28000.0 8000 -52981 0
28000.0 8000 -52981 1
28000.0 8000 -52981 0
24000.0 8000 -52981 1
24000.0 8000 -52981 0
20000.0 8000 -52981 1
20000.0 8000 -52981 0
16000.0 8000 -52981 1
16000.0 8000 -52981 0
12000.0 8000 -52981 1
12000.0 8000 -52981 0
8000.0 8000 -52981 1
8000.0 8000 -52981 0
4000.0 8000 -52981 1
4000.0 8000 -52981 0
0.0 8000 -52981 1
0.0 8000 -52981 0
0.0 8000 -52981 1
0.0 8000 -52981 0
4000.0 8000 -52981 1
4000.0 8000 -52981 0
8000.0 8000 -52981 1
8000.0 8000 -52981 0
12000.0 8000 -52981 1
12000.0 8000 -52981 0
16000.0 8000 -52981 1
16000.0 8000 -52981 0
20000.0 8000 -52981 1
20000.0 8000 -52981 0
24000.0 8000 -52981 1
24000.0 8000 -52981 0
28000.0 8000 -52981 1
28000.0 8000 -52981 0
28000.0 8000 -52981 1
28000.0 8000 -52981 0
24000.0 8000 -52981 1
24000.0 8000 -52981 0
20000.0 8000 -52981 1
20000.0 8000 -52981 0
16000.0 8000 -52981 1
16000.0 8000 -52981 0
12000.0 8000 -52981 1
12000.0 8000 -52981 0
8000.0 8000 -52981 1
8000.0 8000 -52981 0
4000.0 8000 -52981 1
4000.0 8000 -52981 0
0.0 8000 -52981 1
0.0 8000 -52981 0
0.0 8000 -52981 1
0.0 8000 -52981 0
4000.0 8000 -52981 1
4000.0 8000 -52981 0
8000.0 8000 -52981 1
8000.0 8000 -52981 0
12000.0 8000 -52981 1
12000.0 8000 -52981 0
16000.0 8000 -52981 1
16000.0 8000 -52981 0
20000.0 8000 -52981 1
20000.0 8000 -52981 0
24000.0 8000 -52981 1
24000.0 8000 -52981 0
28000.0 8000 -52981 1
28000.0 8000 -52981 0
0.0 -4000 -52981 1
0.0 -4000 -52981 0
4000.0 -4000 -52981 1
4000.0 -4000 -52981 0
8000.0 -4000 -52981 1
8000.0 -4000 -52981 0
12000.0 -4000 -52981 1
12000.0 -4000 -52981 0
16000.0 -4000 -52981 1
16000.0 -4000 -52981 0
20000.0 -4000 -52981 1
20000.0 -4000 -52981 0
24000.0 -4000 -52981 1
24000.0 -4000 -52981 0
28000.0 -4000 -52981 1
28000.0 -4000 -52981 0
28000.0 -4000 -52981 1
28000.0 -4000 -52981 0
24000.0 -4000 -52981 1
24000.0 -4000 -52981 0
20000.0 -4000 -52981 1
20000.0 -4000 -52981 0
16000.0 -4000 -52981 1
16000.0 -4000 -52981 0
12000.0 -4000 -52981 1
12000.0 -4000 -52981 0
8000.0 -4000 -52981 1
8000.0 -4000 -52981 0
4000.0 -4000 -52981 1
4000.0 -4000 -52981 0
0.0 -4000 -52981 1
0.0 -4000 -52981 0
0.0 -4000 -52981 1
0.0 -4000 -52981 0
4000.0 -4000 -52981 1
4000.0 -4000 -52981 0
8000.0 -4000 -52981 1
8000.0 -4000 -52981 0
12000.0 -4000 -52981 1
12000.0 -4000 -52981 0
16000.0 -4000 -52981 1
16000.0 -4000 -52981 0
20000.0 -4000 -52981 1
20000.0 -4000 -52981 0
24000.0 -4000 -52981 1
24000.0 -4000 -52981 0
28000.0 -4000 -52981 1
28000.0 -4000 -52981 0
28000.0 -4000 -52981 1
28000.0 -4000 -52981 0
24000.0 -4000 -52981 1
24000.0 -4000 -52981 0
20000.0 -4000 -52981 1
20000.0 -4000 -52981 0
16000.0 -4000 -52981 1
16000.0 -4000 -52981 0
12000.0 -4000 -52981 1
12000.0 -4000 -52981 0
8000.0 -4000 -52981 1
8000.0 -4000 -52981 0
4000.0 -4000 -52981 1
4000.0 -4000 -52981 0
0.0 -4000 -52981 1
0.0 -4000 -52981 0
0.0 -4000 -52981 1
0.0 -4000 -52981 0
4000.0 -4000 -52981 1
4000.0 -4000 -52981 0
8000.0 -4000 -52981 1
8000.0 -4000 -52981 0
12000.0 -4000 -52981 1
12000.0 -4000 -52981 0
16000.0 -4000 -52981 1
16000.0 -4000 -52981 0
20000.0 -4000 -52981 1
20000.0 -4000 -52981 0
24000.0 -4000 -52981 1
24000.0 -4000 -52981 0
28000.0 -4000 -52981 1
28000.0 -4000 -52981 0
0.0 0 -52981 1
0.0 0 -52981 0
4000.0 0 -52981 1
4000.0 0 -52981 0
8000.0 0 -52981 1
8000.0 0 -52981 0
12000.0 0 -52981 1
12000.0 0 -52981 0
16000.0 0 -52981 1
16000.0 0 -52981 0
20000.0 0 -52981 1
20000.0 0 -52981 0
24000.0 0 -52981 1
24000.0 0 -52981 0
28000.0 0 -52981 1
28000.0 0 -52981 0
28000.0 0 -52981 1
28000.0 0 -52981 0
24000.0 0 -52981 1
24000.0 0 -52981 0
20000.0 0 -52981 1
20000.0 0 -52981 0
16000.0 0 -52981 1
16000.0 0 -52981 0
12000.0 0 -52981 1
12000.0 0 -52981 0
8000.0 0 -52981 1
8000.0 0 -52981 0
4000.0 0 -52981 1
4000.0 0 -52981 0
0.0 0 -52981 1
0.0 0 -52981 0
0.0 0 -52981 1
0.0 0 -52981 0
4000.0 0 -52981 1
4000.0 0 -52981 0
8000.0 0 -52981 1
8000.0 0 -52981 0
12000.0 0 -52981 1
12000.0 0 -52981 0
16000.0 0 -52981 1
16000.0 0 -52981 0
20000.0 0 -52981 1
20000.0 0 -52981 0
24000.0 0 -52981 1
24000.0 0 -52981 0
28000.0 0 -52981 1
28000.0 0 -52981 0
28000.0 0 -52981 1
28000.0 0 -52981 0
24000.0 0 -52981 1
24000.0 0 -52981 0
20000.0 0 -52981 1
20000.0 0 -52981 0
16000.0 0 -52981 1
16000.0 0 -52981 0
12000.0 0 -52981 1
12000.0 0 -52981 0
8000.0 0 -52981 1
8000.0 0 -52981 0
4000.0 0 -52981 1
4000.0 0 -52981 0
0.0 0 -52981 1
0.0 0 -52981 0
0.0 0 -52981 1
0.0 0 -52981 0
4000.0 0 -52981 1
4000.0 0 -52981 0
8000.0 0 -52981 1
8000.0 0 -52981 0
12000.0 0 -52981 1
12000.0 0 -52981 0
16000.0 0 -52981 1
16000.0 0 -52981 0
20000.0 0 -52981 1
20000.0 0 -52981 0
24000.0 0 -52981 1
24000.0 0 -52981 0
28000.0 0 -52981 1
28000.0 0 -52981 0
0.0 4000 -47308 1
0.0 4000 -47308 0
4000.0 4000 -47308 1
4000.0 4000 -47308 0
8000.0 4000 -47308 1
8000.0 4000 -47308 0
12000.0 4000 -47308 1
12000.0 4000 -47308 0
16000.0 4000 -47308 1
16000.0 4000 -47308 0
20000.0 4000 -47308 1
20000.0 4000 -47308 0
24000.0 4000 -47308 1
24000.0 4000 -47308 0
28000.0 4000 -47308 1
28000.0 4000 -47308 0
28000.0 4000 -47308 1
28000.0 4000 -47308 0
24000.0 4000 -47308 1
24000.0 4000 -47308 0
20000.0 4000 -47308 1
20000.0 4000 -47308 0
16000.0 4000 -47308 1
16000.0 4000 -47308 0
12000.0 4000 -47308 1
12000.0 4000 -47308 0
8000.0 4000 -47308 1
8000.0 4000 -47308 0
4000.0 4000 -47308 1
4000.0 4000 -47308 0
0.0 4000 -47308 1
0.0 4000 -47308 0
0.0 4000 -47308 1
0.0 4000 -47308 0
4000.0 4000 -47308 1
4000.0 4000 -47308 0
8000.0 4000 -47308 1
8000.0 4000 -47308 0
12000.0 4000 -47308 1
12000.0 4000 -47308 0
16000.0 4000 -47308 1
16000.0 4000 -47308 0
20000.0 4000 -47308 1
20000.0 4000 -47308 0
24000.0 4000 -47308 1
24000.0 4000 -47308 0
28000.0 4000 -47308 1
28000.0 4000 -47308 0
28000.0 4000 -47308 1
28000.0 4000 -47308 0
24000.0 4000 -47308 1
24000.0 4000 -47308 0
20000.0 4000 -47308 1
20000.0 4000 -47308 0
16000.0 4000 -47308 1
16000.0 4000 -47308 0
12000.0 4000 -47308 1
12000.0 4000 -47308 0
8000.0 4000 -47308 1
8000.0 4000 -47308 0
4000.0 4000 -47308 1
4000.0 4000 -47308 0
0.0 4000 -47308 1
0.0 4000 -47308 0
0.0 4000 -47308 1
0.0 4000 -47308 0
4000.0 4000 -47308 1
4000.0 4000 -47308 0
8000.0 4000 -47308 1
8000.0 4000 -47308 0
12000.0 4000 -47308 1
12000.0 4000 -47308 0
16000.0 4000 -47308 1
16000.0 4000 -47308 0
20000.0 4000 -47308 1
20000.0 4000 -47308 0
24000.0 4000 -47308 1
24000.0 4000 -47308 0
28000.0 4000 -47308 1
28000.0 4000 -47308 0
0.0 8000 -47308 1
0.0 8000 -47308 0
4000.0 8000 -47308 1
4000.0 8000 -47308 0
8000.0 8000 -47308 1
8000.0 8000 -47308 0
12000.0 8000 -47308 1
12000.0 8000 -47308 0
16000.0 8000 -47308 1
16000.0 8000 -47308 0
20000.0 8000 -47308 1
20000.0 8000 -47308 0
24000.0 8000 -47308 1
24000.0 8000 -47308 0
28000.0 8000 -47308 1
28000.0 8000 -47308 0
28000.0 8000 -47308 1
28000.0 8000 -47308 0
24000.0 8000 -47308 1
24000.0 8000 -47308 0
20000.0 8000 -47308 1
20000.0 8000 -47308 0
16000.0 8000 -47308 1
16000.0 8000 -47308 0
12000.0 8000 -47308 1
12000.0 8000 -47308 0
8000.0 8000 -47308 1
8000.0 8000 -47308 0
4000.0 8000 -47308 1
4000.0 8000 -47308 0
0.0 8000 -47308 1
0.0 8000 -47308 0
0.0 8000 -47308 1
0.0 8000 -47308 0
4000.0 8000 -47308 1
4000.0 8000 -47308 0
8000.0 8000 -47308 1
8000.0 8000 -47308 0
12000.0 8000 -47308 1
12000.0 8000 -47308 0
16000.0 8000 -47308 1
16000.0 8000 -47308 0
20000.0 8000 -47308 1
20000.0 8000 -47308 0
24000.0 8000 -47308 1
24000.0 8000 -47308 0
28000.0 8000 -47308 1
28000.0 8000 -47308 0
28000.0 8000 -47308 1
28000.0 8000 -47308 0
24000.0 8000 -47308 1
24000.0 8000 -47308 0
20000.0 8000 -47308 1
20000.0 8000 -47308 0
16000.0 8000 -47308 1
16000.0 8000 -47308 0
12000.0 8000 -47308 1
12000.0 8000 -47308 0
8000.0 8000 -47308 1
8000.0 8000 -47308 0
4000.0 8000 -47308 1
4000.0 8000 -47308 0
0.0 8000 -47308 1
0.0 8000 -47308 0
0.0 8000 -47308 1
0.0 8000 -47308 0
4000.0 8000 -47308 1
4000.0 8000 -47308 0
8000.0 8000 -47308 1
8000.0 8000 -47308 0
12000.0 8000 -47308 1
12000.0 8000 -47308 0
16000.0 8000 -47308 1
16000.0 8000 -47308 0
20000.0 8000 -47308 1
20000.0 8000 -47308 0
24000.0 8000 -47308 1
24000.0 8000 -47308 0
28000.0 8000 -47308 1
28000.0 8000 -47308 0
0.0 -4000 -47308 1
0.0 -4000 -47308 0
4000.0 -4000 -47308 1
4000.0 -4000 -47308 0
8000.0 -4000 -47308 1
8000.0 -4000 -47308 0
12000.0 -4000 -47308 1
12000.0 -4000 -47308 0
16000.0 -4000 -47308 1
16000.0 -4000 -47308 0
20000.0 -4000 -47308 1
20000.0 -4000 -47308 0
24000.0 -4000 -47308 1
24000.0 -4000 -47308 0
28000.0 -4000 -47308 1
28000.0 -4000 -47308 0
28000.0 -4000 -47308 1
28000.0 -4000 -47308 0
24000.0 -4000 -47308 1
24000.0 -4000 -47308 0
20000.0 -4000 -47308 1
20000.0 -4000 -47308 0
16000.0 -4000 -47308 1
16000.0 -4000 -47308 0
12000.0 -4000 -47308 1
12000.0 -4000 -47308 0
8000.0 -4000 -47308 1
8000.0 -4000 -47308 0
4000.0 -4000 -47308 1
4000.0 -4000 -47308 0
0.0 -4000 -47308 1
0.0 -4000 -47308 0
0.0 -4000 -47308 1
0.0 -4000 -47308 0
4000.0 -4000 -47308 1
4000.0 -4000 -47308 0
8000.0 -4000 -47308 1
8000.0 -4000 -47308 0
12000.0 -4000 -47308 1
12000.0 -4000 -47308 0
16000.0 -4000 -47308 1
16000.0 -4000 -47308 0
20000.0 -4000 -47308 1
20000.0 -4000 -47308 0
24000.0 -4000 -47308 1
24000.0 -4000 -47308 0
28000.0 -4000 -47308 1
28000.0 -4000 -47308 0
28000.0 -4000 -47308 1
28000.0 -4000 -47308 0
24000.0 -4000 -47308 1
24000.0 -4000 -47308 0
20000.0 -4000 -47308 1
20000.0 -4000 -47308 0
16000.0 -4000 -47308 1
16000.0 -4000 -47308 0
12000.0 -4000 -47308 1
12000.0 -4000 -47308 0
8000.0 -4000 -47308 1
8000.0 -4000 -47308 0
4000.0 -4000 -47308 1
4000.0 -4000 -47308 0
0.0 -4000 -47308 1
0.0 -4000 -47308 0
0.0 -4000 -47308 1
0.0 -4000 -47308 0
4000.0 -4000 -47308 1
4000.0 -4000 -47308 0
8000.0 -4000 -47308 1
8000.0 -4000 -47308 0
12000.0 -4000 -47308 1
12000.0 -4000 -47308 0
16000.0 -4000 -47308 1
16000.0 -4000 -47308 0
20000.0 -4000 -47308 1
20000.0 -4000 -47308 0
24000.0 -4000 -47308 1
24000.0 -4000 -47308 0
28000.0 -4000 -47308 1
28000.0 -4000 -47308 0
0.0 0 -47308 1
0.0 0 -47308 0
4000.0 0 -47308 1
4000.0 0 -47308 0
8000.0 0 -47308 1
8000.0 0 -47308 0
12000.0 0 -47308 1
12000.0 0 -47308 0
16000.0 0 -47308 1
16000.0 0 -47308 0
20000.0 0 -47308 1
20000.0 0 -47308 0
24000.0 0 -47308 1
24000.0 0 -47308 0
28000.0 0 -47308 1
28000.0 0 -47308 0
28000.0 0 -47308 1
28000.0 0 -47308 0
24000.0 0 -47308 1
24000.0 0 -47308 0
20000.0 0 -47308 1
20000.0 0 -47308 0
16000.0 0 -47308 1
16000.0 0 -47308 0
12000.0 0 -47308 1
12000.0 0 -47308 0
8000.0 0 -47308 1
8000.0 0 -47308 0
4000.0 0 -47308 1
4000.0 0 -47308 0
0.0 0 -47308 1
0.0 0 -47308 0
0.0 0 -47308 1
0.0 0 -47308 0
4000.0 0 -47308 1
4000.0 0 -47308 0
8000.0 0 -47308 1
8000.0 0 -47308 0
12000.0 0 -47308 1
12000.0 0 -47308 0
16000.0 0 -47308 1
16000.0 0 -47308 0
20000.0 0 -47308 1
20000.0 0 -47308 0
24000.0 0 -47308 1
24000.0 0 -47308 0
28000.0 0 -47308 1
28000.0 0 -47308 0
28000.0 0 -47308 1
28000.0 0 -47308 0
24000.0 0 -47308 1
24000.0 0 -47308 0
20000.0 0 -47308 1
20000.0 0 -47308 0
16000.0 0 -47308 1
16000.0 0 -47308 0
12000.0 0 -47308 1
12000.0 0 -47308 0
8000.0 0 -47308 1
8000.0 0 -47308 0
4000.0 0 -47308 1
4000.0 0 -47308 0
0.0 0 -47308 1
0.0 0 -47308 0
0.0 0 -47308 1
0.0 0 -47308 0
4000.0 0 -47308 1
4000.0 0 -47308 0
8000.0 0 -47308 1
8000.0 0 -47308 0
12000.0 0 -47308 1
12000.0 0 -47308 0
16000.0 0 -47308 1
16000.0 0 -47308 0
20000.0 0 -47308 1
20000.0 0 -47308 0
24000.0 0 -47308 1
24000.0 0 -47308 0
28000.0 0 -47308 1
28000.0 0 -47308 0