0 -1250 -10000.0 1
0 -1250 -10000.0 0
0 -1250 -6500.0 1
0 -1250 -6500.0 0
0 -1250 -3000.0 1
0 -1250 -3000.0 0
0 -1250 500.0 1
0 -1250 500.0 0
0 -1250 4000.0 1
0 -1250 4000.0 0
0 -1250 7500.0 1
0 -1250 7500.0 0
0 -1250 11000.0 1
0 -1250 11000.0 0
0 -1250 14500.0 1
0 -1250 14500.0 0
0 -1250 18000.0 1
0 -1250 18000.0 0
0 -1250 21500.0 1
0 -1250 21500.0 0
0 -1250 25000.0 1
0 -1250 25000.0 0
0 -1250 25000.0 1
0 -1250 25000.0 0
0 -1250 21500.0 1
0 -1250 21500.0 0
0 -1250 18000.0 1
0 -1250 18000.0 0
0 -1250 14500.0 1
0 -1250 14500.0 0
0 -1250 11000.0 1
0 -1250 11000.0 0
0 -1250 7500.0 1
0 -1250 7500.0 0
0 -1250 4000.0 1
0 -1250 4000.0 0
0 -1250 500.0 1
0 -1250 500.0 0
0 -1250 -3000.0 1
0 -1250 -3000.0 0
0 -1250 -6500.0 1
0 -1250 -6500.0 0
0 -1250 -10000.0 1
0 -1250 -10000.0 0
0 -1250 -10000.0 1
0 -1250 -10000.0 0
0 -1250 -6500.0 1
0 -1250 -6500.0 0
0 -1250 -3000.0 1
0 -1250 -3000.0 0
0 -1250 500.0 1
0 -1250 500.0 0
0 -1250 4000.0 1
0 -1250 4000.0 0
0 -1250 7500.0 1
0 -1250 7500.0 0
0 -1250 11000.0 1
0 -1250 11000.0 0
0 -1250 14500.0 1
0 -1250 14500.0 0
0 -1250 18000.0 1
0 -1250 18000.0 0
0 -1250 21500.0 1
0 -1250 21500.0 0
0 -1250 25000.0 1
0 -1250 25000.0 0
0 -1250 25000.0 1
0 -1250 25000.0 0
0 -1250 21500.0 1
0 -1250 21500.0 0
0 -1250 18000.0 1
0 -1250 18000.0 0
0 -1250 14500.0 1
0 -1250 14500.0 0
0 -1250 11000.0 1
0 -1250 11000.0 0
0 -1250 7500.0 1
0 -1250 7500.0 0
0 -1250 4000.0 1
0 -1250 4000.0 0
0 -1250 500.0 1
0 -1250 500.0 0
0 -1250 -3000.0 1
0 -1250 -3000.0 0
0 -1250 -6500.0 1
0 -1250 -6500.0 0
0 -1250 -10000.0 1
0 -1250 -10000.0 0
0 -1250 -10000.0 1
0 -1250 -10000.0 0
0 -1250 -6500.0 1
0 -1250 -6500.0 0
0 -1250 -3000.0 1
0 -1250 -3000.0 0
0 -1250 500.0 1
0 -1250 500.0 0
0 -1250 4000.0 1
0 -1250 4000.0 0
0 -1250 7500.0 1
0 -1250 7500.0 0
0 -1250 11000.0 1
0 -1250 11000.0 0
0 -1250 14500.0 1
0 -1250 14500.0 0
0 -1250 18000.0 1
0 -1250 18000.0 0
0 -1250 21500.0 1
0 -1250 21500.0 0
0 -1250 25000.0 1
0 -1250 25000.0 0