4525 4160 -70000.0 1
4525 4160 -70000.0 0
4525 4160 -66500.0 1
4525 4160 -66500.0 0
4525 4160 -63000.0 1
4525 4160 -63000.0 0
4525 4160 -59500.0 1
4525 4160 -59500.0 0
4525 4160 -56000.0 1
4525 4160 -56000.0 0
4525 4160 -52500.0 1
4525 4160 -52500.0 0
4525 4160 -49000.0 1
4525 4160 -49000.0 0
4525 4160 -45500.0 1
4525 4160 -45500.0 0
4525 4160 -42000.0 1
4525 4160 -42000.0 0
4525 4160 -38500.0 1
4525 4160 -38500.0 0
4525 4160 -35000.0 1
4525 4160 -35000.0 0
4525 4160 -35000.0 1
4525 4160 -35000.0 0
4525 4160 -38500.0 1
4525 4160 -38500.0 0
4525 4160 -42000.0 1
4525 4160 -42000.0 0
4525 4160 -45500.0 1
4525 4160 -45500.0 0
4525 4160 -49000.0 1
4525 4160 -49000.0 0
4525 4160 -52500.0 1
4525 4160 -52500.0 0
4525 4160 -56000.0 1
4525 4160 -56000.0 0
4525 4160 -59500.0 1
4525 4160 -59500.0 0
4525 4160 -63000.0 1
4525 4160 -63000.0 0
4525 4160 -66500.0 1
4525 4160 -66500.0 0
4525 4160 -70000.0 1
4525 4160 -70000.0 0
4525 4160 -70000.0 1
4525 4160 -70000.0 0
4525 4160 -66500.0 1
4525 4160 -66500.0 0
4525 4160 -63000.0 1
4525 4160 -63000.0 0
4525 4160 -59500.0 1
4525 4160 -59500.0 0
4525 4160 -56000.0 1
4525 4160 -56000.0 0
4525 4160 -52500.0 1
4525 4160 -52500.0 0
4525 4160 -49000.0 1
4525 4160 -49000.0 0
4525 4160 -45500.0 1
4525 4160 -45500.0 0
4525 4160 -42000.0 1
4525 4160 -42000.0 0
4525 4160 -38500.0 1
4525 4160 -38500.0 0
4525 4160 -35000.0 1
4525 4160 -35000.0 0
2525 4160 -52032 1
2525 4160 -52032 0
4525 4160 -52032 1
4525 4160 -52032 0
8525 4160 -52032 1
8525 4160 -52032 0
12525 4160 -52032 1
12525 4160 -52032 0
16525 4160 -52032 1
16525 4160 -52032 0
20525 4160 -52032 1
20525 4160 -52032 0
24525 4160 -52032 1
24525 4160 -52032 0
28525 4160 -52032 1
28525 4160 -52032 0
32525 4160 -52032 1
32525 4160 -52032 0
32525 4160 -52032 1
32525 4160 -52032 0
28525 4160 -52032 1
28525 4160 -52032 0
24525 4160 -52032 1
24525 4160 -52032 0
20525 4160 -52032 1
20525 4160 -52032 0
16525 4160 -52032 1
16525 4160 -52032 0
12525 4160 -52032 1
12525 4160 -52032 0
8525 4160 -52032 1
8525 4160 -52032 0
4525 4160 -52032 1
4525 4160 -52032 0
2525 4160 -52032 1
2525 4160 -52032 0
2525 4160 -52032 1
2525 4160 -52032 0
4525 4160 -52032 1
4525 4160 -52032 0
8525 4160 -52032 1
8525 4160 -52032 0
12525 4160 -52032 1
12525 4160 -52032 0
16525 4160 -52032 1
16525 4160 -52032 0
20525 4160 -52032 1
20525 4160 -52032 0
24525 4160 -52032 1
24525 4160 -52032 0
28525 4160 -52032 1
28525 4160 -52032 0
32525 4160 -52032 1
32525 4160 -52032 0
2525 8160 -52032 1
2525 8160 -52032 0
4525 8160 -52032 1
4525 8160 -52032 0
8525 8160 -52032 1
8525 8160 -52032 0
12525 8160 -52032 1
12525 8160 -52032 0
16525 8160 -52032 1
16525 8160 -52032 0
20525 8160 -52032 1
20525 8160 -52032 0
24525 8160 -52032 1
24525 8160 -52032 0
28525 8160 -52032 1
28525 8160 -52032 0
32525 8160 -52032 1
32525 8160 -52032 0
32525 8160 -52032 1
32525 8160 -52032 0
28525 8160 -52032 1
28525 8160 -52032 0
24525 8160 -52032 1
24525 8160 -52032 0
20525 8160 -52032 1
20525 8160 -52032 0
16525 8160 -52032 1
16525 8160 -52032 0
12525 8160 -52032 1
12525 8160 -52032 0
8525 8160 -52032 1
8525 8160 -52032 0
4525 8160 -52032 1
4525 8160 -52032 0
2525 8160 -52032 1
2525 8160 -52032 0
2525 8160 -52032 1
2525 8160 -52032 0
4525 8160 -52032 1
4525 8160 -52032 0
8525 8160 -52032 1
8525 8160 -52032 0
12525 8160 -52032 1
12525 8160 -52032 0
16525 8160 -52032 1
16525 8160 -52032 0
20525 8160 -52032 1
20525 8160 -52032 0
24525 8160 -52032 1
24525 8160 -52032 0
28525 8160 -52032 1
28525 8160 -52032 0
32525 8160 -52032 1
32525 8160 -52032 0
2525 -3840 -52032 1
2525 -3840 -52032 0
4525 -3840 -52032 1
4525 -3840 -52032 0
8525 -3840 -52032 1
8525 -3840 -52032 0
12525 -3840 -52032 1
12525 -3840 -52032 0
16525 -3840 -52032 1
16525 -3840 -52032 0
20525 -3840 -52032 1
20525 -3840 -52032 0
24525 -3840 -52032 1
24525 -3840 -52032 0
28525 -3840 -52032 1
28525 -3840 -52032 0
32525 -3840 -52032 1
32525 -3840 -52032 0
32525 -3840 -52032 1
32525 -3840 -52032 0
28525 -3840 -52032 1
28525 -3840 -52032 0
24525 -3840 -52032 1
24525 -3840 -52032 0
20525 -3840 -52032 1
20525 -3840 -52032 0
16525 -3840 -52032 1
16525 -3840 -52032 0
12525 -3840 -52032 1
12525 -3840 -52032 0
8525 -3840 -52032 1
8525 -3840 -52032 0
4525 -3840 -52032 1
4525 -3840 -52032 0
2525 -3840 -52032 1
2525 -3840 -52032 0
2525 -3840 -52032 1
2525 -3840 -52032 0
4525 -3840 -52032 1
4525 -3840 -52032 0
8525 -3840 -52032 1
8525 -3840 -52032 0
12525 -3840 -52032 1
12525 -3840 -52032 0
16525 -3840 -52032 1
16525 -3840 -52032 0
20525 -3840 -52032 1
20525 -3840 -52032 0
24525 -3840 -52032 1
24525 -3840 -52032 0
28525 -3840 -52032 1
28525 -3840 -52032 0
32525 -3840 -52032 1
32525 -3840 -52032 0
2525 160 -52032 1
2525 160 -52032 0
4525 160 -52032 1
4525 160 -52032 0
8525 160 -52032 1
8525 160 -52032 0
12525 160 -52032 1
12525 160 -52032 0
16525 160 -52032 1
16525 160 -52032 0
20525 160 -52032 1
20525 160 -52032 0
24525 160 -52032 1
24525 160 -52032 0
28525 160 -52032 1
28525 160 -52032 0
32525 160 -52032 1
32525 160 -52032 0
32525 160 -52032 1
32525 160 -52032 0
28525 160 -52032 1
28525 160 -52032 0
24525 160 -52032 1
24525 160 -52032 0
20525 160 -52032 1
20525 160 -52032 0
16525 160 -52032 1
16525 160 -52032 0
12525 160 -52032 1
12525 160 -52032 0
8525 160 -52032 1
8525 160 -52032 0
4525 160 -52032 1
4525 160 -52032 0
2525 160 -52032 1
2525 160 -52032 0
2525 160 -52032 1
2525 160 -52032 0
4525 160 -52032 1
4525 160 -52032 0
8525 160 -52032 1
8525 160 -52032 0
12525 160 -52032 1
12525 160 -52032 0
16525 160 -52032 1
16525 160 -52032 0
20525 160 -52032 1
20525 160 -52032 0
24525 160 -52032 1
24525 160 -52032 0
28525 160 -52032 1
28525 160 -52032 0
32525 160 -52032 1
32525 160 -52032 0