0 4000 -70000.0 1 0.025
0 4000 -70000.0 0 0.025
0 4000 -70000.0 1 0.027
0 4000 -70000.0 0 0.027
0 4000 -70000.0 1 0.03
0 4000 -70000.0 0 0.03
0 4000 -70000.0 1 0.035
0 4000 -70000.0 0 0.035
0 4000 -66500.0 1 0.025
0 4000 -66500.0 0 0.025
0 4000 -66500.0 1 0.027
0 4000 -66500.0 0 0.027
0 4000 -66500.0 1 0.03
0 4000 -66500.0 0 0.03
0 4000 -66500.0 1 0.035
0 4000 -66500.0 0 0.035
0 4000 -63000.0 1 0.025
0 4000 -63000.0 0 0.025
0 4000 -63000.0 1 0.027
0 4000 -63000.0 0 0.027
0 4000 -63000.0 1 0.03
0 4000 -63000.0 0 0.03
0 4000 -63000.0 1 0.035
0 4000 -63000.0 0 0.035
0 4000 -59500.0 1 0.025
0 4000 -59500.0 0 0.025
0 4000 -59500.0 1 0.027
0 4000 -59500.0 0 0.027
0 4000 -59500.0 1 0.03
0 4000 -59500.0 0 0.03
0 4000 -59500.0 1 0.035
0 4000 -59500.0 0 0.035
0 4000 -56000.0 1 0.025
0 4000 -56000.0 0 0.025
0 4000 -56000.0 1 0.027
0 4000 -56000.0 0 0.027
0 4000 -56000.0 1 0.03
0 4000 -56000.0 0 0.03
0 4000 -56000.0 1 0.035
0 4000 -56000.0 0 0.035
0 4000 -52500.0 1 0.025
0 4000 -52500.0 0 0.025
0 4000 -52500.0 1 0.027
0 4000 -52500.0 0 0.027
0 4000 -52500.0 1 0.03
0 4000 -52500.0 0 0.03
0 4000 -52500.0 1 0.035
0 4000 -52500.0 0 0.035
0 4000 -49000.0 1 0.025
0 4000 -49000.0 0 0.025
0 4000 -49000.0 1 0.027
0 4000 -49000.0 0 0.027
0 4000 -49000.0 1 0.03
0 4000 -49000.0 0 0.03
0 4000 -49000.0 1 0.035
0 4000 -49000.0 0 0.035
0 4000 -45500.0 1 0.025
0 4000 -45500.0 0 0.025
0 4000 -45500.0 1 0.027
0 4000 -45500.0 0 0.027
0 4000 -45500.0 1 0.03
0 4000 -45500.0 0 0.03
0 4000 -45500.0 1 0.035
0 4000 -45500.0 0 0.035
0 4000 -42000.0 1 0.025
0 4000 -42000.0 0 0.025
0 4000 -42000.0 1 0.027
0 4000 -42000.0 0 0.027
0 4000 -42000.0 1 0.03
0 4000 -42000.0 0 0.03
0 4000 -42000.0 1 0.035
0 4000 -42000.0 0 0.035
0 4000 -38500.0 1 0.025
0 4000 -38500.0 0 0.025
0 4000 -38500.0 1 0.027
0 4000 -38500.0 0 0.027
0 4000 -38500.0 1 0.03
0 4000 -38500.0 0 0.03
0 4000 -38500.0 1 0.035
0 4000 -38500.0 0 0.035
0 4000 -35000.0 1 0.025
0 4000 -35000.0 0 0.025
0 4000 -35000.0 1 0.027
0 4000 -35000.0 0 0.027
0 4000 -35000.0 1 0.03
0 4000 -35000.0 0 0.03
0 4000 -35000.0 1 0.035
0 4000 -35000.0 0 0.035
0 4000 -35000.0 1 0.025
0 4000 -35000.0 0 0.025
0 4000 -35000.0 1 0.027
0 4000 -35000.0 0 0.027
0 4000 -35000.0 1 0.03
0 4000 -35000.0 0 0.03
0 4000 -35000.0 1 0.035
0 4000 -35000.0 0 0.035
0 4000 -38500.0 1 0.025
0 4000 -38500.0 0 0.025
0 4000 -38500.0 1 0.027
0 4000 -38500.0 0 0.027
0 4000 -38500.0 1 0.03
0 4000 -38500.0 0 0.03
0 4000 -38500.0 1 0.035
0 4000 -38500.0 0 0.035
0 4000 -42000.0 1 0.025
0 4000 -42000.0 0 0.025
0 4000 -42000.0 1 0.027
0 4000 -42000.0 0 0.027
0 4000 -42000.0 1 0.03
0 4000 -42000.0 0 0.03
0 4000 -42000.0 1 0.035
0 4000 -42000.0 0 0.035
0 4000 -45500.0 1 0.025
0 4000 -45500.0 0 0.025
0 4000 -45500.0 1 0.027
0 4000 -45500.0 0 0.027
0 4000 -45500.0 1 0.03
0 4000 -45500.0 0 0.03
0 4000 -45500.0 1 0.035
0 4000 -45500.0 0 0.035
0 4000 -49000.0 1 0.025
0 4000 -49000.0 0 0.025
0 4000 -49000.0 1 0.027
0 4000 -49000.0 0 0.027
0 4000 -49000.0 1 0.03
0 4000 -49000.0 0 0.03
0 4000 -49000.0 1 0.035
0 4000 -49000.0 0 0.035
0 4000 -52500.0 1 0.025
0 4000 -52500.0 0 0.025
0 4000 -52500.0 1 0.027
0 4000 -52500.0 0 0.027
0 4000 -52500.0 1 0.03
0 4000 -52500.0 0 0.03
0 4000 -52500.0 1 0.035
0 4000 -52500.0 0 0.035
0 4000 -56000.0 1 0.025
0 4000 -56000.0 0 0.025
0 4000 -56000.0 1 0.027
0 4000 -56000.0 0 0.027
0 4000 -56000.0 1 0.03
0 4000 -56000.0 0 0.03
0 4000 -56000.0 1 0.035
0 4000 -56000.0 0 0.035
0 4000 -59500.0 1 0.025
0 4000 -59500.0 0 0.025
0 4000 -59500.0 1 0.027
0 4000 -59500.0 0 0.027
0 4000 -59500.0 1 0.03
0 4000 -59500.0 0 0.03
0 4000 -59500.0 1 0.035
0 4000 -59500.0 0 0.035
0 4000 -63000.0 1 0.025
0 4000 -63000.0 0 0.025
0 4000 -63000.0 1 0.027
0 4000 -63000.0 0 0.027
0 4000 -63000.0 1 0.03
0 4000 -63000.0 0 0.03
0 4000 -63000.0 1 0.035
0 4000 -63000.0 0 0.035
0 4000 -66500.0 1 0.025
0 4000 -66500.0 0 0.025
0 4000 -66500.0 1 0.027
0 4000 -66500.0 0 0.027
0 4000 -66500.0 1 0.03
0 4000 -66500.0 0 0.03
0 4000 -66500.0 1 0.035
0 4000 -66500.0 0 0.035
0 4000 -70000.0 1 0.025
0 4000 -70000.0 0 0.025
0 4000 -70000.0 1 0.027
0 4000 -70000.0 0 0.027
0 4000 -70000.0 1 0.03
0 4000 -70000.0 0 0.03
0 4000 -70000.0 1 0.035
0 4000 -70000.0 0 0.035
0 4000 -70000.0 1 0.025
0 4000 -70000.0 0 0.025
0 4000 -70000.0 1 0.027
0 4000 -70000.0 0 0.027
0 4000 -70000.0 1 0.03
0 4000 -70000.0 0 0.03
0 4000 -70000.0 1 0.035
0 4000 -70000.0 0 0.035
0 4000 -66500.0 1 0.025
0 4000 -66500.0 0 0.025
0 4000 -66500.0 1 0.027
0 4000 -66500.0 0 0.027
0 4000 -66500.0 1 0.03
0 4000 -66500.0 0 0.03
0 4000 -66500.0 1 0.035
0 4000 -66500.0 0 0.035
0 4000 -63000.0 1 0.025
0 4000 -63000.0 0 0.025
0 4000 -63000.0 1 0.027
0 4000 -63000.0 0 0.027
0 4000 -63000.0 1 0.03
0 4000 -63000.0 0 0.03
0 4000 -63000.0 1 0.035
0 4000 -63000.0 0 0.035
0 4000 -59500.0 1 0.025
0 4000 -59500.0 0 0.025
0 4000 -59500.0 1 0.027
0 4000 -59500.0 0 0.027
0 4000 -59500.0 1 0.03
0 4000 -59500.0 0 0.03
0 4000 -59500.0 1 0.035
0 4000 -59500.0 0 0.035
0 4000 -56000.0 1 0.025
0 4000 -56000.0 0 0.025
0 4000 -56000.0 1 0.027
0 4000 -56000.0 0 0.027
0 4000 -56000.0 1 0.03
0 4000 -56000.0 0 0.03
0 4000 -56000.0 1 0.035
0 4000 -56000.0 0 0.035
0 4000 -52500.0 1 0.025
0 4000 -52500.0 0 0.025
0 4000 -52500.0 1 0.027
0 4000 -52500.0 0 0.027
0 4000 -52500.0 1 0.03
0 4000 -52500.0 0 0.03
0 4000 -52500.0 1 0.035
0 4000 -52500.0 0 0.035
0 4000 -49000.0 1 0.025
0 4000 -49000.0 0 0.025
0 4000 -49000.0 1 0.027
0 4000 -49000.0 0 0.027
0 4000 -49000.0 1 0.03
0 4000 -49000.0 0 0.03
0 4000 -49000.0 1 0.035
0 4000 -49000.0 0 0.035
0 4000 -45500.0 1 0.025
0 4000 -45500.0 0 0.025
0 4000 -45500.0 1 0.027
0 4000 -45500.0 0 0.027
0 4000 -45500.0 1 0.03
0 4000 -45500.0 0 0.03
0 4000 -45500.0 1 0.035
0 4000 -45500.0 0 0.035
0 4000 -42000.0 1 0.025
0 4000 -42000.0 0 0.025
0 4000 -42000.0 1 0.027
0 4000 -42000.0 0 0.027
0 4000 -42000.0 1 0.03
0 4000 -42000.0 0 0.03
0 4000 -42000.0 1 0.035
0 4000 -42000.0 0 0.035
0 4000 -38500.0 1 0.025
0 4000 -38500.0 0 0.025
0 4000 -38500.0 1 0.027
0 4000 -38500.0 0 0.027
0 4000 -38500.0 1 0.03
0 4000 -38500.0 0 0.03
0 4000 -38500.0 1 0.035
0 4000 -38500.0 0 0.035
0 4000 -35000.0 1 0.025
0 4000 -35000.0 0 0.025
0 4000 -35000.0 1 0.027
0 4000 -35000.0 0 0.027
0 4000 -35000.0 1 0.03
0 4000 -35000.0 0 0.03
0 4000 -35000.0 1 0.035
0 4000 -35000.0 0 0.035
0.0 4000 -58654 1 0.025
0.0 4000 -58654 0 0.025
0.0 4000 -58654 1 0.027
0.0 4000 -58654 0 0.027
0.0 4000 -58654 1 0.03
0.0 4000 -58654 0 0.03
0.0 4000 -58654 1 0.035
0.0 4000 -58654 0 0.035
4000.0 4000 -58654 1 0.025
4000.0 4000 -58654 0 0.025
4000.0 4000 -58654 1 0.027
4000.0 4000 -58654 0 0.027
4000.0 4000 -58654 1 0.03
4000.0 4000 -58654 0 0.03
4000.0 4000 -58654 1 0.035
4000.0 4000 -58654 0 0.035
8000.0 4000 -58654 1 0.025
8000.0 4000 -58654 0 0.025
8000.0 4000 -58654 1 0.027
8000.0 4000 -58654 0 0.027
8000.0 4000 -58654 1 0.03
8000.0 4000 -58654 0 0.03
8000.0 4000 -58654 1 0.035
8000.0 4000 -58654 0 0.035
12000.0 4000 -58654 1 0.025
12000.0 4000 -58654 0 0.025
12000.0 4000 -58654 1 0.027
12000.0 4000 -58654 0 0.027
12000.0 4000 -58654 1 0.03
12000.0 4000 -58654 0 0.03
12000.0 4000 -58654 1 0.035
12000.0 4000 -58654 0 0.035
16000.0 4000 -58654 1 0.025
16000.0 4000 -58654 0 0.025
16000.0 4000 -58654 1 0.027
16000.0 4000 -58654 0 0.027
16000.0 4000 -58654 1 0.03
16000.0 4000 -58654 0 0.03
16000.0 4000 -58654 1 0.035
16000.0 4000 -58654 0 0.035
20000.0 4000 -58654 1 0.025
20000.0 4000 -58654 0 0.025
20000.0 4000 -58654 1 0.027
20000.0 4000 -58654 0 0.027
20000.0 4000 -58654 1 0.03
20000.0 4000 -58654 0 0.03
20000.0 4000 -58654 1 0.035
20000.0 4000 -58654 0 0.035
24000.0 4000 -58654 1 0.025
24000.0 4000 -58654 0 0.025
24000.0 4000 -58654 1 0.027
24000.0 4000 -58654 0 0.027
24000.0 4000 -58654 1 0.03
24000.0 4000 -58654 0 0.03
24000.0 4000 -58654 1 0.035
24000.0 4000 -58654 0 0.035
28000.0 4000 -58654 1 0.025
28000.0 4000 -58654 0 0.025
28000.0 4000 -58654 1 0.027
28000.0 4000 -58654 0 0.027
28000.0 4000 -58654 1 0.03
28000.0 4000 -58654 0 0.03
28000.0 4000 -58654 1 0.035
28000.0 4000 -58654 0 0.035
28000.0 4000 -58654 1 0.025
28000.0 4000 -58654 0 0.025
28000.0 4000 -58654 1 0.027
28000.0 4000 -58654 0 0.027
28000.0 4000 -58654 1 0.03
28000.0 4000 -58654 0 0.03
28000.0 4000 -58654 1 0.035
28000.0 4000 -58654 0 0.035
24000.0 4000 -58654 1 0.025
24000.0 4000 -58654 0 0.025
24000.0 4000 -58654 1 0.027
24000.0 4000 -58654 0 0.027
24000.0 4000 -58654 1 0.03
24000.0 4000 -58654 0 0.03
24000.0 4000 -58654 1 0.035
24000.0 4000 -58654 0 0.035
20000.0 4000 -58654 1 0.025
20000.0 4000 -58654 0 0.025
20000.0 4000 -58654 1 0.027
20000.0 4000 -58654 0 0.027
20000.0 4000 -58654 1 0.03
20000.0 4000 -58654 0 0.03
20000.0 4000 -58654 1 0.035
20000.0 4000 -58654 0 0.035
16000.0 4000 -58654 1 0.025
16000.0 4000 -58654 0 0.025
16000.0 4000 -58654 1 0.027
16000.0 4000 -58654 0 0.027
16000.0 4000 -58654 1 0.03
16000.0 4000 -58654 0 0.03
16000.0 4000 -58654 1 0.035
16000.0 4000 -58654 0 0.035
12000.0 4000 -58654 1 0.025
12000.0 4000 -58654 0 0.025
12000.0 4000 -58654 1 0.027
12000.0 4000 -58654 0 0.027
12000.0 4000 -58654 1 0.03
12000.0 4000 -58654 0 0.03
12000.0 4000 -58654 1 0.035
12000.0 4000 -58654 0 0.035
8000.0 4000 -58654 1 0.025
8000.0 4000 -58654 0 0.025
8000.0 4000 -58654 1 0.027
8000.0 4000 -58654 0 0.027
8000.0 4000 -58654 1 0.03
8000.0 4000 -58654 0 0.03
8000.0 4000 -58654 1 0.035
8000.0 4000 -58654 0 0.035
4000.0 4000 -58654 1 0.025
4000.0 4000 -58654 0 0.025
4000.0 4000 -58654 1 0.027
4000.0 4000 -58654 0 0.027
4000.0 4000 -58654 1 0.03
4000.0 4000 -58654 0 0.03
4000.0 4000 -58654 1 0.035
4000.0 4000 -58654 0 0.035
0.0 4000 -58654 1 0.025
0.0 4000 -58654 0 0.025
0.0 4000 -58654 1 0.027
0.0 4000 -58654 0 0.027
0.0 4000 -58654 1 0.03
0.0 4000 -58654 0 0.03
0.0 4000 -58654 1 0.035
0.0 4000 -58654 0 0.035
0.0 4000 -58654 1 0.025
0.0 4000 -58654 0 0.025
0.0 4000 -58654 1 0.027
0.0 4000 -58654 0 0.027
0.0 4000 -58654 1 0.03
0.0 4000 -58654 0 0.03
0.0 4000 -58654 1 0.035
0.0 4000 -58654 0 0.035
4000.0 4000 -58654 1 0.025
4000.0 4000 -58654 0 0.025
4000.0 4000 -58654 1 0.027
4000.0 4000 -58654 0 0.027
4000.0 4000 -58654 1 0.03
4000.0 4000 -58654 0 0.03
4000.0 4000 -58654 1 0.035
4000.0 4000 -58654 0 0.035
8000.0 4000 -58654 1 0.025
8000.0 4000 -58654 0 0.025
8000.0 4000 -58654 1 0.027
8000.0 4000 -58654 0 0.027
8000.0 4000 -58654 1 0.03
8000.0 4000 -58654 0 0.03
8000.0 4000 -58654 1 0.035
8000.0 4000 -58654 0 0.035
12000.0 4000 -58654 1 0.025
12000.0 4000 -58654 0 0.025
12000.0 4000 -58654 1 0.027
12000.0 4000 -58654 0 0.027
12000.0 4000 -58654 1 0.03
12000.0 4000 -58654 0 0.03
12000.0 4000 -58654 1 0.035
12000.0 4000 -58654 0 0.035
16000.0 4000 -58654 1 0.025
16000.0 4000 -58654 0 0.025
16000.0 4000 -58654 1 0.027
16000.0 4000 -58654 0 0.027
16000.0 4000 -58654 1 0.03
16000.0 4000 -58654 0 0.03
16000.0 4000 -58654 1 0.035
16000.0 4000 -58654 0 0.035
20000.0 4000 -58654 1 0.025
20000.0 4000 -58654 0 0.025
20000.0 4000 -58654 1 0.027
20000.0 4000 -58654 0 0.027
20000.0 4000 -58654 1 0.03
20000.0 4000 -58654 0 0.03
20000.0 4000 -58654 1 0.035
20000.0 4000 -58654 0 0.035
24000.0 4000 -58654 1 0.025
24000.0 4000 -58654 0 0.025
24000.0 4000 -58654 1 0.027
24000.0 4000 -58654 0 0.027
24000.0 4000 -58654 1 0.03
24000.0 4000 -58654 0 0.03
24000.0 4000 -58654 1 0.035
24000.0 4000 -58654 0 0.035
28000.0 4000 -58654 1 0.025
28000.0 4000 -58654 0 0.025
28000.0 4000 -58654 1 0.027
28000.0 4000 -58654 0 0.027
28000.0 4000 -58654 1 0.03
28000.0 4000 -58654 0 0.03
28000.0 4000 -58654 1 0.035
28000.0 4000 -58654 0 0.035
0.0 8000 -58654 1 0.025
0.0 8000 -58654 0 0.025
0.0 8000 -58654 1 0.027
0.0 8000 -58654 0 0.027
0.0 8000 -58654 1 0.03
0.0 8000 -58654 0 0.03
0.0 8000 -58654 1 0.035
0.0 8000 -58654 0 0.035
4000.0 8000 -58654 1 0.025
4000.0 8000 -58654 0 0.025
4000.0 8000 -58654 1 0.027
4000.0 8000 -58654 0 0.027
4000.0 8000 -58654 1 0.03
4000.0 8000 -58654 0 0.03
4000.0 8000 -58654 1 0.035
4000.0 8000 -58654 0 0.035
8000.0 8000 -58654 1 0.025
8000.0 8000 -58654 0 0.025
8000.0 8000 -58654 1 0.027
8000.0 8000 -58654 0 0.027
8000.0 8000 -58654 1 0.03
8000.0 8000 -58654 0 0.03
8000.0 8000 -58654 1 0.035
8000.0 8000 -58654 0 0.035
12000.0 8000 -58654 1 0.025
12000.0 8000 -58654 0 0.025
12000.0 8000 -58654 1 0.027
12000.0 8000 -58654 0 0.027
12000.0 8000 -58654 1 0.03
12000.0 8000 -58654 0 0.03
12000.0 8000 -58654 1 0.035
12000.0 8000 -58654 0 0.035
16000.0 8000 -58654 1 0.025
16000.0 8000 -58654 0 0.025
16000.0 8000 -58654 1 0.027
16000.0 8000 -58654 0 0.027
16000.0 8000 -58654 1 0.03
16000.0 8000 -58654 0 0.03
16000.0 8000 -58654 1 0.035
16000.0 8000 -58654 0 0.035
20000.0 8000 -58654 1 0.025
20000.0 8000 -58654 0 0.025
20000.0 8000 -58654 1 0.027
20000.0 8000 -58654 0 0.027
20000.0 8000 -58654 1 0.03
20000.0 8000 -58654 0 0.03
20000.0 8000 -58654 1 0.035
20000.0 8000 -58654 0 0.035
24000.0 8000 -58654 1 0.025
24000.0 8000 -58654 0 0.025
24000.0 8000 -58654 1 0.027
24000.0 8000 -58654 0 0.027
24000.0 8000 -58654 1 0.03
24000.0 8000 -58654 0 0.03
24000.0 8000 -58654 1 0.035
24000.0 8000 -58654 0 0.035
28000.0 8000 -58654 1 0.025
28000.0 8000 -58654 0 0.025
28000.0 8000 -58654 1 0.027
28000.0 8000 -58654 0 0.027
28000.0 8000 -58654 1 0.03
28000.0 8000 -58654 0 0.03
28000.0 8000 -58654 1 0.035
28000.0 8000 -58654 0 0.035
28000.0 8000 -58654 1 0.025
28000.0 8000 -58654 0 0.025
28000.0 8000 -58654 1 0.027
28000.0 8000 -58654 0 0.027
28000.0 8000 -58654 1 0.03
28000.0 8000 -58654 0 0.03
28000.0 8000 -58654 1 0.035
28000.0 8000 -58654 0 0.035
24000.0 8000 -58654 1 0.025
24000.0 8000 -58654 0 0.025
24000.0 8000 -58654 1 0.027
24000.0 8000 -58654 0 0.027
24000.0 8000 -58654 1 0.03
24000.0 8000 -58654 0 0.03
24000.0 8000 -58654 1 0.035
24000.0 8000 -58654 0 0.035
20000.0 8000 -58654 1 0.025
20000.0 8000 -58654 0 0.025
20000.0 8000 -58654 1 0.027
20000.0 8000 -58654 0 0.027
20000.0 8000 -58654 1 0.03
20000.0 8000 -58654 0 0.03
20000.0 8000 -58654 1 0.035
20000.0 8000 -58654 0 0.035
16000.0 8000 -58654 1 0.025
16000.0 8000 -58654 0 0.025
16000.0 8000 -58654 1 0.027
16000.0 8000 -58654 0 0.027
16000.0 8000 -58654 1 0.03
16000.0 8000 -58654 0 0.03
16000.0 8000 -58654 1 0.035
16000.0 8000 -58654 0 0.035
12000.0 8000 -58654 1 0.025
12000.0 8000 -58654 0 0.025
12000.0 8000 -58654 1 0.027
12000.0 8000 -58654 0 0.027
12000.0 8000 -58654 1 0.03
12000.0 8000 -58654 0 0.03
12000.0 8000 -58654 1 0.035
12000.0 8000 -58654 0 0.035
8000.0 8000 -58654 1 0.025
8000.0 8000 -58654 0 0.025
8000.0 8000 -58654 1 0.027
8000.0 8000 -58654 0 0.027
8000.0 8000 -58654 1 0.03
8000.0 8000 -58654 0 0.03
8000.0 8000 -58654 1 0.035
8000.0 8000 -58654 0 0.035
4000.0 8000 -58654 1 0.025
4000.0 8000 -58654 0 0.025
4000.0 8000 -58654 1 0.027
4000.0 8000 -58654 0 0.027
4000.0 8000 -58654 1 0.03
4000.0 8000 -58654 0 0.03
4000.0 8000 -58654 1 0.035
4000.0 8000 -58654 0 0.035
0.0 8000 -58654 1 0.025
0.0 8000 -58654 0 0.025
0.0 8000 -58654 1 0.027
0.0 8000 -58654 0 0.027
0.0 8000 -58654 1 0.03
0.0 8000 -58654 0 0.03
0.0 8000 -58654 1 0.035
0.0 8000 -58654 0 0.035
0.0 8000 -58654 1 0.025
0.0 8000 -58654 0 0.025
0.0 8000 -58654 1 0.027
0.0 8000 -58654 0 0.027
0.0 8000 -58654 1 0.03
0.0 8000 -58654 0 0.03
0.0 8000 -58654 1 0.035
0.0 8000 -58654 0 0.035
4000.0 8000 -58654 1 0.025
4000.0 8000 -58654 0 0.025
4000.0 8000 -58654 1 0.027
4000.0 8000 -58654 0 0.027
4000.0 8000 -58654 1 0.03
4000.0 8000 -58654 0 0.03
4000.0 8000 -58654 1 0.035
4000.0 8000 -58654 0 0.035
8000.0 8000 -58654 1 0.025
8000.0 8000 -58654 0 0.025
8000.0 8000 -58654 1 0.027
8000.0 8000 -58654 0 0.027
8000.0 8000 -58654 1 0.03
8000.0 8000 -58654 0 0.03
8000.0 8000 -58654 1 0.035
8000.0 8000 -58654 0 0.035
12000.0 8000 -58654 1 0.025
12000.0 8000 -58654 0 0.025
12000.0 8000 -58654 1 0.027
12000.0 8000 -58654 0 0.027
12000.0 8000 -58654 1 0.03
12000.0 8000 -58654 0 0.03
12000.0 8000 -58654 1 0.035
12000.0 8000 -58654 0 0.035
16000.0 8000 -58654 1 0.025
16000.0 8000 -58654 0 0.025
16000.0 8000 -58654 1 0.027
16000.0 8000 -58654 0 0.027
16000.0 8000 -58654 1 0.03
16000.0 8000 -58654 0 0.03
16000.0 8000 -58654 1 0.035
16000.0 8000 -58654 0 0.035
20000.0 8000 -58654 1 0.025
20000.0 8000 -58654 0 0.025
20000.0 8000 -58654 1 0.027
20000.0 8000 -58654 0 0.027
20000.0 8000 -58654 1 0.03
20000.0 8000 -58654 0 0.03
20000.0 8000 -58654 1 0.035
20000.0 8000 -58654 0 0.035
24000.0 8000 -58654 1 0.025
24000.0 8000 -58654 0 0.025
24000.0 8000 -58654 1 0.027
24000.0 8000 -58654 0 0.027
24000.0 8000 -58654 1 0.03
24000.0 8000 -58654 0 0.03
24000.0 8000 -58654 1 0.035
24000.0 8000 -58654 0 0.035
28000.0 8000 -58654 1 0.025
28000.0 8000 -58654 0 0.025
28000.0 8000 -58654 1 0.027
28000.0 8000 -58654 0 0.027
28000.0 8000 -58654 1 0.03
28000.0 8000 -58654 0 0.03
28000.0 8000 -58654 1 0.035
28000.0 8000 -58654 0 0.035
0.0 -4000 -58654 1 0.025
0.0 -4000 -58654 0 0.025
0.0 -4000 -58654 1 0.027
0.0 -4000 -58654 0 0.027
0.0 -4000 -58654 1 0.03
0.0 -4000 -58654 0 0.03
0.0 -4000 -58654 1 0.035
0.0 -4000 -58654 0 0.035
4000.0 -4000 -58654 1 0.025
4000.0 -4000 -58654 0 0.025
4000.0 -4000 -58654 1 0.027
4000.0 -4000 -58654 0 0.027
4000.0 -4000 -58654 1 0.03
4000.0 -4000 -58654 0 0.03
4000.0 -4000 -58654 1 0.035
4000.0 -4000 -58654 0 0.035
8000.0 -4000 -58654 1 0.025
8000.0 -4000 -58654 0 0.025
8000.0 -4000 -58654 1 0.027
8000.0 -4000 -58654 0 0.027
8000.0 -4000 -58654 1 0.03
8000.0 -4000 -58654 0 0.03
8000.0 -4000 -58654 1 0.035
8000.0 -4000 -58654 0 0.035
12000.0 -4000 -58654 1 0.025
12000.0 -4000 -58654 0 0.025
12000.0 -4000 -58654 1 0.027
12000.0 -4000 -58654 0 0.027
12000.0 -4000 -58654 1 0.03
12000.0 -4000 -58654 0 0.03
12000.0 -4000 -58654 1 0.035
12000.0 -4000 -58654 0 0.035
16000.0 -4000 -58654 1 0.025
16000.0 -4000 -58654 0 0.025
16000.0 -4000 -58654 1 0.027
16000.0 -4000 -58654 0 0.027
16000.0 -4000 -58654 1 0.03
16000.0 -4000 -58654 0 0.03
16000.0 -4000 -58654 1 0.035
16000.0 -4000 -58654 0 0.035
20000.0 -4000 -58654 1 0.025
20000.0 -4000 -58654 0 0.025
20000.0 -4000 -58654 1 0.027
20000.0 -4000 -58654 0 0.027
20000.0 -4000 -58654 1 0.03
20000.0 -4000 -58654 0 0.03
20000.0 -4000 -58654 1 0.035
20000.0 -4000 -58654 0 0.035
24000.0 -4000 -58654 1 0.025
24000.0 -4000 -58654 0 0.025
24000.0 -4000 -58654 1 0.027
24000.0 -4000 -58654 0 0.027
24000.0 -4000 -58654 1 0.03
24000.0 -4000 -58654 0 0.03
24000.0 -4000 -58654 1 0.035
24000.0 -4000 -58654 0 0.035
28000.0 -4000 -58654 1 0.025
28000.0 -4000 -58654 0 0.025
28000.0 -4000 -58654 1 0.027
28000.0 -4000 -58654 0 0.027
28000.0 -4000 -58654 1 0.03
28000.0 -4000 -58654 0 0.03
28000.0 -4000 -58654 1 0.035
28000.0 -4000 -58654 0 0.035
28000.0 -4000 -58654 1 0.025
28000.0 -4000 -58654 0 0.025
28000.0 -4000 -58654 1 0.027
28000.0 -4000 -58654 0 0.027
28000.0 -4000 -58654 1 0.03
28000.0 -4000 -58654 0 0.03
28000.0 -4000 -58654 1 0.035
28000.0 -4000 -58654 0 0.035
24000.0 -4000 -58654 1 0.025
24000.0 -4000 -58654 0 0.025
24000.0 -4000 -58654 1 0.027
24000.0 -4000 -58654 0 0.027
24000.0 -4000 -58654 1 0.03
24000.0 -4000 -58654 0 0.03
24000.0 -4000 -58654 1 0.035
24000.0 -4000 -58654 0 0.035
20000.0 -4000 -58654 1 0.025
20000.0 -4000 -58654 0 0.025
20000.0 -4000 -58654 1 0.027
20000.0 -4000 -58654 0 0.027
20000.0 -4000 -58654 1 0.03
20000.0 -4000 -58654 0 0.03
20000.0 -4000 -58654 1 0.035
20000.0 -4000 -58654 0 0.035
16000.0 -4000 -58654 1 0.025
16000.0 -4000 -58654 0 0.025
16000.0 -4000 -58654 1 0.027
16000.0 -4000 -58654 0 0.027
16000.0 -4000 -58654 1 0.03
16000.0 -4000 -58654 0 0.03
16000.0 -4000 -58654 1 0.035
16000.0 -4000 -58654 0 0.035
12000.0 -4000 -58654 1 0.025
12000.0 -4000 -58654 0 0.025
12000.0 -4000 -58654 1 0.027
12000.0 -4000 -58654 0 0.027
12000.0 -4000 -58654 1 0.03
12000.0 -4000 -58654 0 0.03
12000.0 -4000 -58654 1 0.035
12000.0 -4000 -58654 0 0.035
8000.0 -4000 -58654 1 0.025
8000.0 -4000 -58654 0 0.025
8000.0 -4000 -58654 1 0.027
8000.0 -4000 -58654 0 0.027
8000.0 -4000 -58654 1 0.03
8000.0 -4000 -58654 0 0.03
8000.0 -4000 -58654 1 0.035
8000.0 -4000 -58654 0 0.035
4000.0 -4000 -58654 1 0.025
4000.0 -4000 -58654 0 0.025
4000.0 -4000 -58654 1 0.027
4000.0 -4000 -58654 0 0.027
4000.0 -4000 -58654 1 0.03
4000.0 -4000 -58654 0 0.03
4000.0 -4000 -58654 1 0.035
4000.0 -4000 -58654 0 0.035
0.0 -4000 -58654 1 0.025
0.0 -4000 -58654 0 0.025
0.0 -4000 -58654 1 0.027
0.0 -4000 -58654 0 0.027
0.0 -4000 -58654 1 0.03
0.0 -4000 -58654 0 0.03
0.0 -4000 -58654 1 0.035
0.0 -4000 -58654 0 0.035
0.0 -4000 -58654 1 0.025
0.0 -4000 -58654 0 0.025
0.0 -4000 -58654 1 0.027
0.0 -4000 -58654 0 0.027
0.0 -4000 -58654 1 0.03
0.0 -4000 -58654 0 0.03
0.0 -4000 -58654 1 0.035
0.0 -4000 -58654 0 0.035
4000.0 -4000 -58654 1 0.025
4000.0 -4000 -58654 0 0.025
4000.0 -4000 -58654 1 0.027
4000.0 -4000 -58654 0 0.027
4000.0 -4000 -58654 1 0.03
4000.0 -4000 -58654 0 0.03
4000.0 -4000 -58654 1 0.035
4000.0 -4000 -58654 0 0.035
8000.0 -4000 -58654 1 0.025
8000.0 -4000 -58654 0 0.025
8000.0 -4000 -58654 1 0.027
8000.0 -4000 -58654 0 0.027
8000.0 -4000 -58654 1 0.03
8000.0 -4000 -58654 0 0.03
8000.0 -4000 -58654 1 0.035
8000.0 -4000 -58654 0 0.035
12000.0 -4000 -58654 1 0.025
12000.0 -4000 -58654 0 0.025
12000.0 -4000 -58654 1 0.027
12000.0 -4000 -58654 0 0.027
12000.0 -4000 -58654 1 0.03
12000.0 -4000 -58654 0 0.03
12000.0 -4000 -58654 1 0.035
12000.0 -4000 -58654 0 0.035
16000.0 -4000 -58654 1 0.025
16000.0 -4000 -58654 0 0.025
16000.0 -4000 -58654 1 0.027
16000.0 -4000 -58654 0 0.027
16000.0 -4000 -58654 1 0.03
16000.0 -4000 -58654 0 0.03
16000.0 -4000 -58654 1 0.035
16000.0 -4000 -58654 0 0.035
20000.0 -4000 -58654 1 0.025
20000.0 -4000 -58654 0 0.025
20000.0 -4000 -58654 1 0.027
20000.0 -4000 -58654 0 0.027
20000.0 -4000 -58654 1 0.03
20000.0 -4000 -58654 0 0.03
20000.0 -4000 -58654 1 0.035
20000.0 -4000 -58654 0 0.035
24000.0 -4000 -58654 1 0.025
24000.0 -4000 -58654 0 0.025
24000.0 -4000 -58654 1 0.027
24000.0 -4000 -58654 0 0.027
24000.0 -4000 -58654 1 0.03
24000.0 -4000 -58654 0 0.03
24000.0 -4000 -58654 1 0.035
24000.0 -4000 -58654 0 0.035
28000.0 -4000 -58654 1 0.025
28000.0 -4000 -58654 0 0.025
28000.0 -4000 -58654 1 0.027
28000.0 -4000 -58654 0 0.027
28000.0 -4000 -58654 1 0.03
28000.0 -4000 -58654 0 0.03
28000.0 -4000 -58654 1 0.035
28000.0 -4000 -58654 0 0.035
0.0 0 -58654 1 0.025
0.0 0 -58654 0 0.025
0.0 0 -58654 1 0.027
0.0 0 -58654 0 0.027
0.0 0 -58654 1 0.03
0.0 0 -58654 0 0.03
0.0 0 -58654 1 0.035
0.0 0 -58654 0 0.035
4000.0 0 -58654 1 0.025
4000.0 0 -58654 0 0.025
4000.0 0 -58654 1 0.027
4000.0 0 -58654 0 0.027
4000.0 0 -58654 1 0.03
4000.0 0 -58654 0 0.03
4000.0 0 -58654 1 0.035
4000.0 0 -58654 0 0.035
8000.0 0 -58654 1 0.025
8000.0 0 -58654 0 0.025
8000.0 0 -58654 1 0.027
8000.0 0 -58654 0 0.027
8000.0 0 -58654 1 0.03
8000.0 0 -58654 0 0.03
8000.0 0 -58654 1 0.035
8000.0 0 -58654 0 0.035
12000.0 0 -58654 1 0.025
12000.0 0 -58654 0 0.025
12000.0 0 -58654 1 0.027
12000.0 0 -58654 0 0.027
12000.0 0 -58654 1 0.03
12000.0 0 -58654 0 0.03
12000.0 0 -58654 1 0.035
12000.0 0 -58654 0 0.035
16000.0 0 -58654 1 0.025
16000.0 0 -58654 0 0.025
16000.0 0 -58654 1 0.027
16000.0 0 -58654 0 0.027
16000.0 0 -58654 1 0.03
16000.0 0 -58654 0 0.03
16000.0 0 -58654 1 0.035
16000.0 0 -58654 0 0.035
20000.0 0 -58654 1 0.025
20000.0 0 -58654 0 0.025
20000.0 0 -58654 1 0.027
20000.0 0 -58654 0 0.027
20000.0 0 -58654 1 0.03
20000.0 0 -58654 0 0.03
20000.0 0 -58654 1 0.035
20000.0 0 -58654 0 0.035
24000.0 0 -58654 1 0.025
24000.0 0 -58654 0 0.025
24000.0 0 -58654 1 0.027
24000.0 0 -58654 0 0.027
24000.0 0 -58654 1 0.03
24000.0 0 -58654 0 0.03
24000.0 0 -58654 1 0.035
24000.0 0 -58654 0 0.035
28000.0 0 -58654 1 0.025
28000.0 0 -58654 0 0.025
28000.0 0 -58654 1 0.027
28000.0 0 -58654 0 0.027
28000.0 0 -58654 1 0.03
28000.0 0 -58654 0 0.03
28000.0 0 -58654 1 0.035
28000.0 0 -58654 0 0.035
28000.0 0 -58654 1 0.025
28000.0 0 -58654 0 0.025
28000.0 0 -58654 1 0.027
28000.0 0 -58654 0 0.027
28000.0 0 -58654 1 0.03
28000.0 0 -58654 0 0.03
28000.0 0 -58654 1 0.035
28000.0 0 -58654 0 0.035
24000.0 0 -58654 1 0.025
24000.0 0 -58654 0 0.025
24000.0 0 -58654 1 0.027
24000.0 0 -58654 0 0.027
24000.0 0 -58654 1 0.03
24000.0 0 -58654 0 0.03
24000.0 0 -58654 1 0.035
24000.0 0 -58654 0 0.035
20000.0 0 -58654 1 0.025
20000.0 0 -58654 0 0.025
20000.0 0 -58654 1 0.027
20000.0 0 -58654 0 0.027
20000.0 0 -58654 1 0.03
20000.0 0 -58654 0 0.03
20000.0 0 -58654 1 0.035
20000.0 0 -58654 0 0.035
16000.0 0 -58654 1 0.025
16000.0 0 -58654 0 0.025
16000.0 0 -58654 1 0.027
16000.0 0 -58654 0 0.027
16000.0 0 -58654 1 0.03
16000.0 0 -58654 0 0.03
16000.0 0 -58654 1 0.035
16000.0 0 -58654 0 0.035
12000.0 0 -58654 1 0.025
12000.0 0 -58654 0 0.025
12000.0 0 -58654 1 0.027
12000.0 0 -58654 0 0.027
12000.0 0 -58654 1 0.03
12000.0 0 -58654 0 0.03
12000.0 0 -58654 1 0.035
12000.0 0 -58654 0 0.035
8000.0 0 -58654 1 0.025
8000.0 0 -58654 0 0.025
8000.0 0 -58654 1 0.027
8000.0 0 -58654 0 0.027
8000.0 0 -58654 1 0.03
8000.0 0 -58654 0 0.03
8000.0 0 -58654 1 0.035
8000.0 0 -58654 0 0.035
4000.0 0 -58654 1 0.025
4000.0 0 -58654 0 0.025
4000.0 0 -58654 1 0.027
4000.0 0 -58654 0 0.027
4000.0 0 -58654 1 0.03
4000.0 0 -58654 0 0.03
4000.0 0 -58654 1 0.035
4000.0 0 -58654 0 0.035
0.0 0 -58654 1 0.025
0.0 0 -58654 0 0.025
0.0 0 -58654 1 0.027
0.0 0 -58654 0 0.027
0.0 0 -58654 1 0.03
0.0 0 -58654 0 0.03
0.0 0 -58654 1 0.035
0.0 0 -58654 0 0.035
0.0 0 -58654 1 0.025
0.0 0 -58654 0 0.025
0.0 0 -58654 1 0.027
0.0 0 -58654 0 0.027
0.0 0 -58654 1 0.03
0.0 0 -58654 0 0.03
0.0 0 -58654 1 0.035
0.0 0 -58654 0 0.035
4000.0 0 -58654 1 0.025
4000.0 0 -58654 0 0.025
4000.0 0 -58654 1 0.027
4000.0 0 -58654 0 0.027
4000.0 0 -58654 1 0.03
4000.0 0 -58654 0 0.03
4000.0 0 -58654 1 0.035
4000.0 0 -58654 0 0.035
8000.0 0 -58654 1 0.025
8000.0 0 -58654 0 0.025
8000.0 0 -58654 1 0.027
8000.0 0 -58654 0 0.027
8000.0 0 -58654 1 0.03
8000.0 0 -58654 0 0.03
8000.0 0 -58654 1 0.035
8000.0 0 -58654 0 0.035
12000.0 0 -58654 1 0.025
12000.0 0 -58654 0 0.025
12000.0 0 -58654 1 0.027
12000.0 0 -58654 0 0.027
12000.0 0 -58654 1 0.03
12000.0 0 -58654 0 0.03
12000.0 0 -58654 1 0.035
12000.0 0 -58654 0 0.035
16000.0 0 -58654 1 0.025
16000.0 0 -58654 0 0.025
16000.0 0 -58654 1 0.027
16000.0 0 -58654 0 0.027
16000.0 0 -58654 1 0.03
16000.0 0 -58654 0 0.03
16000.0 0 -58654 1 0.035
16000.0 0 -58654 0 0.035
20000.0 0 -58654 1 0.025
20000.0 0 -58654 0 0.025
20000.0 0 -58654 1 0.027
20000.0 0 -58654 0 0.027
20000.0 0 -58654 1 0.03
20000.0 0 -58654 0 0.03
20000.0 0 -58654 1 0.035
20000.0 0 -58654 0 0.035
24000.0 0 -58654 1 0.025
24000.0 0 -58654 0 0.025
24000.0 0 -58654 1 0.027
24000.0 0 -58654 0 0.027
24000.0 0 -58654 1 0.03
24000.0 0 -58654 0 0.03
24000.0 0 -58654 1 0.035
24000.0 0 -58654 0 0.035
28000.0 0 -58654 1 0.025
28000.0 0 -58654 0 0.025
28000.0 0 -58654 1 0.027
28000.0 0 -58654 0 0.027
28000.0 0 -58654 1 0.03
28000.0 0 -58654 0 0.03
28000.0 0 -58654 1 0.035
28000.0 0 -58654 0 0.035