0 4030 -70000.0 1
0 4030 -70000.0 0
0 4030 -66500.0 1
0 4030 -66500.0 0
0 4030 -63000.0 1
0 4030 -63000.0 0
0 4030 -59500.0 1
0 4030 -59500.0 0
0 4030 -56000.0 1
0 4030 -56000.0 0
0 4030 -52500.0 1
0 4030 -52500.0 0
0 4030 -49000.0 1
0 4030 -49000.0 0
0 4030 -45500.0 1
0 4030 -45500.0 0
0 4030 -42000.0 1
0 4030 -42000.0 0
0 4030 -38500.0 1
0 4030 -38500.0 0
0 4030 -35000.0 1
0 4030 -35000.0 0
0 4030 -35000.0 1
0 4030 -35000.0 0
0 4030 -38500.0 1
0 4030 -38500.0 0
0 4030 -42000.0 1
0 4030 -42000.0 0
0 4030 -45500.0 1
0 4030 -45500.0 0
0 4030 -49000.0 1
0 4030 -49000.0 0
0 4030 -52500.0 1
0 4030 -52500.0 0
0 4030 -56000.0 1
0 4030 -56000.0 0
0 4030 -59500.0 1
0 4030 -59500.0 0
0 4030 -63000.0 1
0 4030 -63000.0 0
0 4030 -66500.0 1
0 4030 -66500.0 0
0 4030 -70000.0 1
0 4030 -70000.0 0
0 4030 -70000.0 1
0 4030 -70000.0 0
0 4030 -66500.0 1
0 4030 -66500.0 0
0 4030 -63000.0 1
0 4030 -63000.0 0
0 4030 -59500.0 1
0 4030 -59500.0 0
0 4030 -56000.0 1
0 4030 -56000.0 0
0 4030 -52500.0 1
0 4030 -52500.0 0
0 4030 -49000.0 1
0 4030 -49000.0 0
0 4030 -45500.0 1
0 4030 -45500.0 0
0 4030 -42000.0 1
0 4030 -42000.0 0
0 4030 -38500.0 1
0 4030 -38500.0 0
0 4030 -35000.0 1
0 4030 -35000.0 0
0 4030 -35000.0 1
0 4030 -35000.0 0
0 4030 -38500.0 1
0 4030 -38500.0 0
0 4030 -42000.0 1
0 4030 -42000.0 0
0 4030 -45500.0 1
0 4030 -45500.0 0
0 4030 -49000.0 1
0 4030 -49000.0 0
0 4030 -52500.0 1
0 4030 -52500.0 0
0 4030 -56000.0 1
0 4030 -56000.0 0
0 4030 -59500.0 1
0 4030 -59500.0 0
0 4030 -63000.0 1
0 4030 -63000.0 0
0 4030 -66500.0 1
0 4030 -66500.0 0
0 4030 -70000.0 1
0 4030 -70000.0 0
0 4030 -70000.0 1
0 4030 -70000.0 0
0 4030 -66500.0 1
0 4030 -66500.0 0
0 4030 -63000.0 1
0 4030 -63000.0 0
0 4030 -59500.0 1
0 4030 -59500.0 0
0 4030 -56000.0 1
0 4030 -56000.0 0
0 4030 -52500.0 1
0 4030 -52500.0 0
0 4030 -49000.0 1
0 4030 -49000.0 0
0 4030 -45500.0 1
0 4030 -45500.0 0
0 4030 -42000.0 1
0 4030 -42000.0 0
0 4030 -38500.0 1
0 4030 -38500.0 0
0 4030 -35000.0 1
0 4030 -35000.0 0
0.0 4030 -58654 1
0.0 4030 -58654 0
4000.0 4030 -58654 1
4000.0 4030 -58654 0
8000.0 4030 -58654 1
8000.0 4030 -58654 0
12000.0 4030 -58654 1
12000.0 4030 -58654 0
16000.0 4030 -58654 1
16000.0 4030 -58654 0
20000.0 4030 -58654 1
20000.0 4030 -58654 0
24000.0 4030 -58654 1
24000.0 4030 -58654 0
28000.0 4030 -58654 1
28000.0 4030 -58654 0
28000.0 4030 -58654 1
28000.0 4030 -58654 0
24000.0 4030 -58654 1
24000.0 4030 -58654 0
20000.0 4030 -58654 1
20000.0 4030 -58654 0
16000.0 4030 -58654 1
16000.0 4030 -58654 0
12000.0 4030 -58654 1
12000.0 4030 -58654 0
8000.0 4030 -58654 1
8000.0 4030 -58654 0
4000.0 4030 -58654 1
4000.0 4030 -58654 0
0.0 4030 -58654 1
0.0 4030 -58654 0
0.0 4030 -58654 1
0.0 4030 -58654 0
4000.0 4030 -58654 1
4000.0 4030 -58654 0
8000.0 4030 -58654 1
8000.0 4030 -58654 0
12000.0 4030 -58654 1
12000.0 4030 -58654 0
16000.0 4030 -58654 1
16000.0 4030 -58654 0
20000.0 4030 -58654 1
20000.0 4030 -58654 0
24000.0 4030 -58654 1
24000.0 4030 -58654 0
28000.0 4030 -58654 1
28000.0 4030 -58654 0
28000.0 4030 -58654 1
28000.0 4030 -58654 0
24000.0 4030 -58654 1
24000.0 4030 -58654 0
20000.0 4030 -58654 1
20000.0 4030 -58654 0
16000.0 4030 -58654 1
16000.0 4030 -58654 0
12000.0 4030 -58654 1
12000.0 4030 -58654 0
8000.0 4030 -58654 1
8000.0 4030 -58654 0
4000.0 4030 -58654 1
4000.0 4030 -58654 0
0.0 4030 -58654 1
0.0 4030 -58654 0
0.0 4030 -58654 1
0.0 4030 -58654 0
4000.0 4030 -58654 1
4000.0 4030 -58654 0
8000.0 4030 -58654 1
8000.0 4030 -58654 0
12000.0 4030 -58654 1
12000.0 4030 -58654 0
16000.0 4030 -58654 1
16000.0 4030 -58654 0
20000.0 4030 -58654 1
20000.0 4030 -58654 0
24000.0 4030 -58654 1
24000.0 4030 -58654 0
28000.0 4030 -58654 1
28000.0 4030 -58654 0
0.0 8030 -58654 1
0.0 8030 -58654 0
4000.0 8030 -58654 1
4000.0 8030 -58654 0
8000.0 8030 -58654 1
8000.0 8030 -58654 0
12000.0 8030 -58654 1
12000.0 8030 -58654 0
16000.0 8030 -58654 1
16000.0 8030 -58654 0
20000.0 8030 -58654 1
20000.0 8030 -58654 0
24000.0 8030 -58654 1
24000.0 8030 -58654 0
28000.0 8030 -58654 1
28000.0 8030 -58654 0
28000.0 8030 -58654 1
28000.0 8030 -58654 0
24000.0 8030 -58654 1
24000.0 8030 -58654 0
20000.0 8030 -58654 1
20000.0 8030 -58654 0
16000.0 8030 -58654 1
16000.0 8030 -58654 0
12000.0 8030 -58654 1
12000.0 8030 -58654 0
8000.0 8030 -58654 1
8000.0 8030 -58654 0
4000.0 8030 -58654 1
4000.0 8030 -58654 0
0.0 8030 -58654 1
0.0 8030 -58654 0
0.0 8030 -58654 1
0.0 8030 -58654 0
4000.0 8030 -58654 1
4000.0 8030 -58654 0
8000.0 8030 -58654 1
8000.0 8030 -58654 0
12000.0 8030 -58654 1
12000.0 8030 -58654 0
16000.0 8030 -58654 1
16000.0 8030 -58654 0
20000.0 8030 -58654 1
20000.0 8030 -58654 0
24000.0 8030 -58654 1
24000.0 8030 -58654 0
28000.0 8030 -58654 1
28000.0 8030 -58654 0
28000.0 8030 -58654 1
28000.0 8030 -58654 0
24000.0 8030 -58654 1
24000.0 8030 -58654 0
20000.0 8030 -58654 1
20000.0 8030 -58654 0
16000.0 8030 -58654 1
16000.0 8030 -58654 0
12000.0 8030 -58654 1
12000.0 8030 -58654 0
8000.0 8030 -58654 1
8000.0 8030 -58654 0
4000.0 8030 -58654 1
4000.0 8030 -58654 0
0.0 8030 -58654 1
0.0 8030 -58654 0
0.0 8030 -58654 1
0.0 8030 -58654 0
4000.0 8030 -58654 1
4000.0 8030 -58654 0
8000.0 8030 -58654 1
8000.0 8030 -58654 0
12000.0 8030 -58654 1
12000.0 8030 -58654 0
16000.0 8030 -58654 1
16000.0 8030 -58654 0
20000.0 8030 -58654 1
20000.0 8030 -58654 0
24000.0 8030 -58654 1
24000.0 8030 -58654 0
28000.0 8030 -58654 1
28000.0 8030 -58654 0
0.0 -3970 -58654 1
0.0 -3970 -58654 0
4000.0 -3970 -58654 1
4000.0 -3970 -58654 0
8000.0 -3970 -58654 1
8000.0 -3970 -58654 0
12000.0 -3970 -58654 1
12000.0 -3970 -58654 0
16000.0 -3970 -58654 1
16000.0 -3970 -58654 0
20000.0 -3970 -58654 1
20000.0 -3970 -58654 0
24000.0 -3970 -58654 1
24000.0 -3970 -58654 0
28000.0 -3970 -58654 1
28000.0 -3970 -58654 0
28000.0 -3970 -58654 1
28000.0 -3970 -58654 0
24000.0 -3970 -58654 1
24000.0 -3970 -58654 0
20000.0 -3970 -58654 1
20000.0 -3970 -58654 0
16000.0 -3970 -58654 1
16000.0 -3970 -58654 0
12000.0 -3970 -58654 1
12000.0 -3970 -58654 0
8000.0 -3970 -58654 1
8000.0 -3970 -58654 0
4000.0 -3970 -58654 1
4000.0 -3970 -58654 0
0.0 -3970 -58654 1
0.0 -3970 -58654 0
0.0 -3970 -58654 1
0.0 -3970 -58654 0
4000.0 -3970 -58654 1
4000.0 -3970 -58654 0
8000.0 -3970 -58654 1
8000.0 -3970 -58654 0
12000.0 -3970 -58654 1
12000.0 -3970 -58654 0
16000.0 -3970 -58654 1
16000.0 -3970 -58654 0
20000.0 -3970 -58654 1
20000.0 -3970 -58654 0
24000.0 -3970 -58654 1
24000.0 -3970 -58654 0
28000.0 -3970 -58654 1
28000.0 -3970 -58654 0
28000.0 -3970 -58654 1
28000.0 -3970 -58654 0
24000.0 -3970 -58654 1
24000.0 -3970 -58654 0
20000.0 -3970 -58654 1
20000.0 -3970 -58654 0
16000.0 -3970 -58654 1
16000.0 -3970 -58654 0
12000.0 -3970 -58654 1
12000.0 -3970 -58654 0
8000.0 -3970 -58654 1
8000.0 -3970 -58654 0
4000.0 -3970 -58654 1
4000.0 -3970 -58654 0
0.0 -3970 -58654 1
0.0 -3970 -58654 0
0.0 -3970 -58654 1
0.0 -3970 -58654 0
4000.0 -3970 -58654 1
4000.0 -3970 -58654 0
8000.0 -3970 -58654 1
8000.0 -3970 -58654 0
12000.0 -3970 -58654 1
12000.0 -3970 -58654 0
16000.0 -3970 -58654 1
16000.0 -3970 -58654 0
20000.0 -3970 -58654 1
20000.0 -3970 -58654 0
24000.0 -3970 -58654 1
24000.0 -3970 -58654 0
28000.0 -3970 -58654 1
28000.0 -3970 -58654 0
0.0 30 -58654 1
0.0 30 -58654 0
4000.0 30 -58654 1
4000.0 30 -58654 0
8000.0 30 -58654 1
8000.0 30 -58654 0
12000.0 30 -58654 1
12000.0 30 -58654 0
16000.0 30 -58654 1
16000.0 30 -58654 0
20000.0 30 -58654 1
20000.0 30 -58654 0
24000.0 30 -58654 1
24000.0 30 -58654 0
28000.0 30 -58654 1
28000.0 30 -58654 0
28000.0 30 -58654 1
28000.0 30 -58654 0
24000.0 30 -58654 1
24000.0 30 -58654 0
20000.0 30 -58654 1
20000.0 30 -58654 0
16000.0 30 -58654 1
16000.0 30 -58654 0
12000.0 30 -58654 1
12000.0 30 -58654 0
8000.0 30 -58654 1
8000.0 30 -58654 0
4000.0 30 -58654 1
4000.0 30 -58654 0
0.0 30 -58654 1
0.0 30 -58654 0
0.0 30 -58654 1
0.0 30 -58654 0
4000.0 30 -58654 1
4000.0 30 -58654 0
8000.0 30 -58654 1
8000.0 30 -58654 0
12000.0 30 -58654 1
12000.0 30 -58654 0
16000.0 30 -58654 1
16000.0 30 -58654 0
20000.0 30 -58654 1
20000.0 30 -58654 0
24000.0 30 -58654 1
24000.0 30 -58654 0
28000.0 30 -58654 1
28000.0 30 -58654 0
28000.0 30 -58654 1
28000.0 30 -58654 0
24000.0 30 -58654 1
24000.0 30 -58654 0
20000.0 30 -58654 1
20000.0 30 -58654 0
16000.0 30 -58654 1
16000.0 30 -58654 0
12000.0 30 -58654 1
12000.0 30 -58654 0
8000.0 30 -58654 1
8000.0 30 -58654 0
4000.0 30 -58654 1
4000.0 30 -58654 0
0.0 30 -58654 1
0.0 30 -58654 0
0.0 30 -58654 1
0.0 30 -58654 0
4000.0 30 -58654 1
4000.0 30 -58654 0
8000.0 30 -58654 1
8000.0 30 -58654 0
12000.0 30 -58654 1
12000.0 30 -58654 0
16000.0 30 -58654 1
16000.0 30 -58654 0
20000.0 30 -58654 1
20000.0 30 -58654 0
24000.0 30 -58654 1
24000.0 30 -58654 0
28000.0 30 -58654 1
28000.0 30 -58654 0