3400.0 50 -51500.0 0
7700.0 50 -51500.0 0
12000.0 50 -51500.0 0
16300.0 50 -51500.0 0
20600.0 50 -51500.0 0
24900.0 50 -51500.0 0
29200.0 50 -51500.0 0
33500.0 50 -51500.0 0
33500.0 50 -51500.0 0
29200.0 50 -51500.0 0
24900.0 50 -51500.0 0
20600.0 50 -51500.0 0
16300.0 50 -51500.0 0
12000.0 50 -51500.0 0
7700.0 50 -51500.0 0
3400.0 50 -51500.0 0
3400.0 50 -51500.0 0
7700.0 50 -51500.0 0
12000.0 50 -51500.0 0
16300.0 50 -51500.0 0
20600.0 50 -51500.0 0
24900.0 50 -51500.0 0
29200.0 50 -51500.0 0
33500.0 50 -51500.0 0
33500.0 50 -51500.0 0
29200.0 50 -51500.0 0
24900.0 50 -51500.0 0
20600.0 50 -51500.0 0
16300.0 50 -51500.0 0
12000.0 50 -51500.0 0
7700.0 50 -51500.0 0
3400.0 50 -51500.0 0
3400.0 50 -51500.0 0
7700.0 50 -51500.0 0
12000.0 50 -51500.0 0
16300.0 50 -51500.0 0
20600.0 50 -51500.0 0
24900.0 50 -51500.0 0
29200.0 50 -51500.0 0
33500.0 50 -51500.0 0
33500.0 50 -51500.0 0
29200.0 50 -51500.0 0
24900.0 50 -51500.0 0
20600.0 50 -51500.0 0
16300.0 50 -51500.0 0
12000.0 50 -51500.0 0
7700.0 50 -51500.0 0
3400.0 50 -51500.0 0
3400.0 50 -51500.0 0
7700.0 50 -51500.0 0
12000.0 50 -51500.0 0
16300.0 50 -51500.0 0
20600.0 50 -51500.0 0
24900.0 50 -51500.0 0
29200.0 50 -51500.0 0
33500.0 50 -51500.0 0
33500.0 50 -51500.0 0
29200.0 50 -51500.0 0
24900.0 50 -51500.0 0
20600.0 50 -51500.0 0
16300.0 50 -51500.0 0
12000.0 50 -51500.0 0
7700.0 50 -51500.0 0
3400.0 50 -51500.0 0
3400.0 50 -51500.0 0
7700.0 50 -51500.0 0
12000.0 50 -51500.0 0
16300.0 50 -51500.0 0
20600.0 50 -51500.0 0
24900.0 50 -51500.0 0
29200.0 50 -51500.0 0
33500.0 50 -51500.0 0
33500.0 50 -51500.0 0
29200.0 50 -51500.0 0
24900.0 50 -51500.0 0
20600.0 50 -51500.0 0
16300.0 50 -51500.0 0
12000.0 50 -51500.0 0
7700.0 50 -51500.0 0
3400.0 50 -51500.0 0
3400.0 50 -51500.0 0
7700.0 50 -51500.0 0
12000.0 50 -51500.0 0
16300.0 50 -51500.0 0
20600.0 50 -51500.0 0
24900.0 50 -51500.0 0
29200.0 50 -51500.0 0
33500.0 50 -51500.0 0
33500.0 50 -51500.0 0
29200.0 50 -51500.0 0
24900.0 50 -51500.0 0
20600.0 50 -51500.0 0
16300.0 50 -51500.0 0
12000.0 50 -51500.0 0
7700.0 50 -51500.0 0
3400.0 50 -51500.0 0
3400.0 50 -51500.0 0
7700.0 50 -51500.0 0
12000.0 50 -51500.0 0
16300.0 50 -51500.0 0
20600.0 50 -51500.0 0
24900.0 50 -51500.0 0
29200.0 50 -51500.0 0
33500.0 50 -51500.0 0
33500.0 50 -51500.0 0
29200.0 50 -51500.0 0
24900.0 50 -51500.0 0
20600.0 50 -51500.0 0
16300.0 50 -51500.0 0
12000.0 50 -51500.0 0
7700.0 50 -51500.0 0
3400.0 50 -51500.0 0
3400.0 50 -51500.0 0
7700.0 50 -51500.0 0
12000.0 50 -51500.0 0
16300.0 50 -51500.0 0
20600.0 50 -51500.0 0
24900.0 50 -51500.0 0
29200.0 50 -51500.0 0
33500.0 50 -51500.0 0
33500.0 50 -51500.0 0
29200.0 50 -51500.0 0
24900.0 50 -51500.0 0
20600.0 50 -51500.0 0
16300.0 50 -51500.0 0
12000.0 50 -51500.0 0
7700.0 50 -51500.0 0
3400.0 50 -51500.0 0
3400.0 4050 -51500.0 0
7700.0 4050 -51500.0 0
12000.0 4050 -51500.0 0
16300.0 4050 -51500.0 0
20600.0 4050 -51500.0 0
24900.0 4050 -51500.0 0
29200.0 4050 -51500.0 0
33500.0 4050 -51500.0 0
33500.0 4050 -51500.0 0
29200.0 4050 -51500.0 0
24900.0 4050 -51500.0 0
20600.0 4050 -51500.0 0
16300.0 4050 -51500.0 0
12000.0 4050 -51500.0 0
7700.0 4050 -51500.0 0
3400.0 4050 -51500.0 0
3400.0 4050 -51500.0 0
7700.0 4050 -51500.0 0
12000.0 4050 -51500.0 0
16300.0 4050 -51500.0 0
20600.0 4050 -51500.0 0
24900.0 4050 -51500.0 0
29200.0 4050 -51500.0 0
33500.0 4050 -51500.0 0
33500.0 4050 -51500.0 0
29200.0 4050 -51500.0 0
24900.0 4050 -51500.0 0
20600.0 4050 -51500.0 0
16300.0 4050 -51500.0 0
12000.0 4050 -51500.0 0
7700.0 4050 -51500.0 0
3400.0 4050 -51500.0 0
3400.0 4050 -51500.0 0
7700.0 4050 -51500.0 0
12000.0 4050 -51500.0 0
16300.0 4050 -51500.0 0
20600.0 4050 -51500.0 0
24900.0 4050 -51500.0 0
29200.0 4050 -51500.0 0
33500.0 4050 -51500.0 0
33500.0 4050 -51500.0 0
29200.0 4050 -51500.0 0
24900.0 4050 -51500.0 0
20600.0 4050 -51500.0 0
16300.0 4050 -51500.0 0
12000.0 4050 -51500.0 0
7700.0 4050 -51500.0 0
3400.0 4050 -51500.0 0
3400.0 4050 -51500.0 0
7700.0 4050 -51500.0 0
12000.0 4050 -51500.0 0
16300.0 4050 -51500.0 0
20600.0 4050 -51500.0 0
24900.0 4050 -51500.0 0
29200.0 4050 -51500.0 0
33500.0 4050 -51500.0 0
33500.0 4050 -51500.0 0
29200.0 4050 -51500.0 0
24900.0 4050 -51500.0 0
20600.0 4050 -51500.0 0
16300.0 4050 -51500.0 0
12000.0 4050 -51500.0 0
7700.0 4050 -51500.0 0
3400.0 4050 -51500.0 0
3400.0 4050 -51500.0 0
7700.0 4050 -51500.0 0
12000.0 4050 -51500.0 0
16300.0 4050 -51500.0 0
20600.0 4050 -51500.0 0
24900.0 4050 -51500.0 0
29200.0 4050 -51500.0 0
33500.0 4050 -51500.0 0
33500.0 4050 -51500.0 0
29200.0 4050 -51500.0 0
24900.0 4050 -51500.0 0
20600.0 4050 -51500.0 0
16300.0 4050 -51500.0 0
12000.0 4050 -51500.0 0
7700.0 4050 -51500.0 0
3400.0 4050 -51500.0 0
3400.0 4050 -51500.0 0
7700.0 4050 -51500.0 0
12000.0 4050 -51500.0 0
16300.0 4050 -51500.0 0
20600.0 4050 -51500.0 0
24900.0 4050 -51500.0 0
29200.0 4050 -51500.0 0
33500.0 4050 -51500.0 0
33500.0 4050 -51500.0 0
29200.0 4050 -51500.0 0
24900.0 4050 -51500.0 0
20600.0 4050 -51500.0 0
16300.0 4050 -51500.0 0
12000.0 4050 -51500.0 0
7700.0 4050 -51500.0 0
3400.0 4050 -51500.0 0
3400.0 4050 -51500.0 0
7700.0 4050 -51500.0 0
12000.0 4050 -51500.0 0
16300.0 4050 -51500.0 0
20600.0 4050 -51500.0 0
24900.0 4050 -51500.0 0
29200.0 4050 -51500.0 0
33500.0 4050 -51500.0 0
33500.0 4050 -51500.0 0
29200.0 4050 -51500.0 0
24900.0 4050 -51500.0 0
20600.0 4050 -51500.0 0
16300.0 4050 -51500.0 0
12000.0 4050 -51500.0 0
7700.0 4050 -51500.0 0
3400.0 4050 -51500.0 0
3400.0 4050 -51500.0 0
7700.0 4050 -51500.0 0
12000.0 4050 -51500.0 0
16300.0 4050 -51500.0 0
20600.0 4050 -51500.0 0
24900.0 4050 -51500.0 0
29200.0 4050 -51500.0 0
33500.0 4050 -51500.0 0
33500.0 4050 -51500.0 0
29200.0 4050 -51500.0 0
24900.0 4050 -51500.0 0
20600.0 4050 -51500.0 0
16300.0 4050 -51500.0 0
12000.0 4050 -51500.0 0
7700.0 4050 -51500.0 0
3400.0 4050 -51500.0 0
3400.0 8050 -51500.0 0
7700.0 8050 -51500.0 0
12000.0 8050 -51500.0 0
16300.0 8050 -51500.0 0
20600.0 8050 -51500.0 0
24900.0 8050 -51500.0 0
29200.0 8050 -51500.0 0
33500.0 8050 -51500.0 0
33500.0 8050 -51500.0 0
29200.0 8050 -51500.0 0
24900.0 8050 -51500.0 0
20600.0 8050 -51500.0 0
16300.0 8050 -51500.0 0
12000.0 8050 -51500.0 0
7700.0 8050 -51500.0 0
3400.0 8050 -51500.0 0
3400.0 8050 -51500.0 0
7700.0 8050 -51500.0 0
12000.0 8050 -51500.0 0
16300.0 8050 -51500.0 0
20600.0 8050 -51500.0 0
24900.0 8050 -51500.0 0
29200.0 8050 -51500.0 0
33500.0 8050 -51500.0 0
33500.0 8050 -51500.0 0
29200.0 8050 -51500.0 0
24900.0 8050 -51500.0 0
20600.0 8050 -51500.0 0
16300.0 8050 -51500.0 0
12000.0 8050 -51500.0 0
7700.0 8050 -51500.0 0
3400.0 8050 -51500.0 0
3400.0 8050 -51500.0 0
7700.0 8050 -51500.0 0
12000.0 8050 -51500.0 0
16300.0 8050 -51500.0 0
20600.0 8050 -51500.0 0
24900.0 8050 -51500.0 0
29200.0 8050 -51500.0 0
33500.0 8050 -51500.0 0
33500.0 8050 -51500.0 0
29200.0 8050 -51500.0 0
24900.0 8050 -51500.0 0
20600.0 8050 -51500.0 0
16300.0 8050 -51500.0 0
12000.0 8050 -51500.0 0
7700.0 8050 -51500.0 0
3400.0 8050 -51500.0 0
3400.0 8050 -51500.0 0
7700.0 8050 -51500.0 0
12000.0 8050 -51500.0 0
16300.0 8050 -51500.0 0
20600.0 8050 -51500.0 0
24900.0 8050 -51500.0 0
29200.0 8050 -51500.0 0
33500.0 8050 -51500.0 0
33500.0 8050 -51500.0 0
29200.0 8050 -51500.0 0
24900.0 8050 -51500.0 0
20600.0 8050 -51500.0 0
16300.0 8050 -51500.0 0
12000.0 8050 -51500.0 0
7700.0 8050 -51500.0 0
3400.0 8050 -51500.0 0
3400.0 8050 -51500.0 0
7700.0 8050 -51500.0 0
12000.0 8050 -51500.0 0
16300.0 8050 -51500.0 0
20600.0 8050 -51500.0 0
24900.0 8050 -51500.0 0
29200.0 8050 -51500.0 0
33500.0 8050 -51500.0 0
33500.0 8050 -51500.0 0
29200.0 8050 -51500.0 0
24900.0 8050 -51500.0 0
20600.0 8050 -51500.0 0
16300.0 8050 -51500.0 0
12000.0 8050 -51500.0 0
7700.0 8050 -51500.0 0
3400.0 8050 -51500.0 0
3400.0 8050 -51500.0 0
7700.0 8050 -51500.0 0
12000.0 8050 -51500.0 0
16300.0 8050 -51500.0 0
20600.0 8050 -51500.0 0
24900.0 8050 -51500.0 0
29200.0 8050 -51500.0 0
33500.0 8050 -51500.0 0
33500.0 8050 -51500.0 0
29200.0 8050 -51500.0 0
24900.0 8050 -51500.0 0
20600.0 8050 -51500.0 0
16300.0 8050 -51500.0 0
12000.0 8050 -51500.0 0
7700.0 8050 -51500.0 0
3400.0 8050 -51500.0 0
3400.0 8050 -51500.0 0
7700.0 8050 -51500.0 0
12000.0 8050 -51500.0 0
16300.0 8050 -51500.0 0
20600.0 8050 -51500.0 0
24900.0 8050 -51500.0 0
29200.0 8050 -51500.0 0
33500.0 8050 -51500.0 0
33500.0 8050 -51500.0 0
29200.0 8050 -51500.0 0
24900.0 8050 -51500.0 0
20600.0 8050 -51500.0 0
16300.0 8050 -51500.0 0
12000.0 8050 -51500.0 0
7700.0 8050 -51500.0 0
3400.0 8050 -51500.0 0
3400.0 8050 -51500.0 0
7700.0 8050 -51500.0 0
12000.0 8050 -51500.0 0
16300.0 8050 -51500.0 0
20600.0 8050 -51500.0 0
24900.0 8050 -51500.0 0
29200.0 8050 -51500.0 0
33500.0 8050 -51500.0 0
33500.0 8050 -51500.0 0
29200.0 8050 -51500.0 0
24900.0 8050 -51500.0 0
20600.0 8050 -51500.0 0
16300.0 8050 -51500.0 0
12000.0 8050 -51500.0 0
7700.0 8050 -51500.0 0
3400.0 8050 -51500.0 0
3400.0 12050 -51500.0 0
7700.0 12050 -51500.0 0
12000.0 12050 -51500.0 0
16300.0 12050 -51500.0 0
20600.0 12050 -51500.0 0
24900.0 12050 -51500.0 0
29200.0 12050 -51500.0 0
33500.0 12050 -51500.0 0
33500.0 12050 -51500.0 0
29200.0 12050 -51500.0 0
24900.0 12050 -51500.0 0
20600.0 12050 -51500.0 0
16300.0 12050 -51500.0 0
12000.0 12050 -51500.0 0
7700.0 12050 -51500.0 0
3400.0 12050 -51500.0 0
3400.0 12050 -51500.0 0
7700.0 12050 -51500.0 0
12000.0 12050 -51500.0 0
16300.0 12050 -51500.0 0
20600.0 12050 -51500.0 0
24900.0 12050 -51500.0 0
29200.0 12050 -51500.0 0
33500.0 12050 -51500.0 0
33500.0 12050 -51500.0 0
29200.0 12050 -51500.0 0
24900.0 12050 -51500.0 0
20600.0 12050 -51500.0 0
16300.0 12050 -51500.0 0
12000.0 12050 -51500.0 0
7700.0 12050 -51500.0 0
3400.0 12050 -51500.0 0
3400.0 12050 -51500.0 0
7700.0 12050 -51500.0 0
12000.0 12050 -51500.0 0
16300.0 12050 -51500.0 0
20600.0 12050 -51500.0 0
24900.0 12050 -51500.0 0
29200.0 12050 -51500.0 0
33500.0 12050 -51500.0 0
33500.0 12050 -51500.0 0
29200.0 12050 -51500.0 0
24900.0 12050 -51500.0 0
20600.0 12050 -51500.0 0
16300.0 12050 -51500.0 0
12000.0 12050 -51500.0 0
7700.0 12050 -51500.0 0
3400.0 12050 -51500.0 0
3400.0 12050 -51500.0 0
7700.0 12050 -51500.0 0
12000.0 12050 -51500.0 0
16300.0 12050 -51500.0 0
20600.0 12050 -51500.0 0
24900.0 12050 -51500.0 0
29200.0 12050 -51500.0 0
33500.0 12050 -51500.0 0
33500.0 12050 -51500.0 0
29200.0 12050 -51500.0 0
24900.0 12050 -51500.0 0
20600.0 12050 -51500.0 0
16300.0 12050 -51500.0 0
12000.0 12050 -51500.0 0
7700.0 12050 -51500.0 0
3400.0 12050 -51500.0 0
3400.0 12050 -51500.0 0
7700.0 12050 -51500.0 0
12000.0 12050 -51500.0 0
16300.0 12050 -51500.0 0
20600.0 12050 -51500.0 0
24900.0 12050 -51500.0 0
29200.0 12050 -51500.0 0
33500.0 12050 -51500.0 0
33500.0 12050 -51500.0 0
29200.0 12050 -51500.0 0
24900.0 12050 -51500.0 0
20600.0 12050 -51500.0 0
16300.0 12050 -51500.0 0
12000.0 12050 -51500.0 0
7700.0 12050 -51500.0 0
3400.0 12050 -51500.0 0
3400.0 12050 -51500.0 0
7700.0 12050 -51500.0 0
12000.0 12050 -51500.0 0
16300.0 12050 -51500.0 0
20600.0 12050 -51500.0 0
24900.0 12050 -51500.0 0
29200.0 12050 -51500.0 0
33500.0 12050 -51500.0 0
33500.0 12050 -51500.0 0
29200.0 12050 -51500.0 0
24900.0 12050 -51500.0 0
20600.0 12050 -51500.0 0
16300.0 12050 -51500.0 0
12000.0 12050 -51500.0 0
7700.0 12050 -51500.0 0
3400.0 12050 -51500.0 0
3400.0 12050 -51500.0 0
7700.0 12050 -51500.0 0
12000.0 12050 -51500.0 0
16300.0 12050 -51500.0 0
20600.0 12050 -51500.0 0
24900.0 12050 -51500.0 0
29200.0 12050 -51500.0 0
33500.0 12050 -51500.0 0
33500.0 12050 -51500.0 0
29200.0 12050 -51500.0 0
24900.0 12050 -51500.0 0
20600.0 12050 -51500.0 0
16300.0 12050 -51500.0 0
12000.0 12050 -51500.0 0
7700.0 12050 -51500.0 0
3400.0 12050 -51500.0 0
3400.0 12050 -51500.0 0
7700.0 12050 -51500.0 0
12000.0 12050 -51500.0 0
16300.0 12050 -51500.0 0
20600.0 12050 -51500.0 0
24900.0 12050 -51500.0 0
29200.0 12050 -51500.0 0
33500.0 12050 -51500.0 0
33500.0 12050 -51500.0 0
29200.0 12050 -51500.0 0
24900.0 12050 -51500.0 0
20600.0 12050 -51500.0 0
16300.0 12050 -51500.0 0
12000.0 12050 -51500.0 0
7700.0 12050 -51500.0 0
3400.0 12050 -51500.0 0
3400.0 50 -34500.0 0
7700.0 50 -34500.0 0
12000.0 50 -34500.0 0
16300.0 50 -34500.0 0
20600.0 50 -34500.0 0
24900.0 50 -34500.0 0
29200.0 50 -34500.0 0
33500.0 50 -34500.0 0
33500.0 50 -34500.0 0
29200.0 50 -34500.0 0
24900.0 50 -34500.0 0
20600.0 50 -34500.0 0
16300.0 50 -34500.0 0
12000.0 50 -34500.0 0
7700.0 50 -34500.0 0
3400.0 50 -34500.0 0
3400.0 50 -34500.0 0
7700.0 50 -34500.0 0
12000.0 50 -34500.0 0
16300.0 50 -34500.0 0
20600.0 50 -34500.0 0
24900.0 50 -34500.0 0
29200.0 50 -34500.0 0
33500.0 50 -34500.0 0
33500.0 50 -34500.0 0
29200.0 50 -34500.0 0
24900.0 50 -34500.0 0
20600.0 50 -34500.0 0
16300.0 50 -34500.0 0
12000.0 50 -34500.0 0
7700.0 50 -34500.0 0
3400.0 50 -34500.0 0
3400.0 50 -34500.0 0
7700.0 50 -34500.0 0
12000.0 50 -34500.0 0
16300.0 50 -34500.0 0
20600.0 50 -34500.0 0
24900.0 50 -34500.0 0
29200.0 50 -34500.0 0
33500.0 50 -34500.0 0
33500.0 50 -34500.0 0
29200.0 50 -34500.0 0
24900.0 50 -34500.0 0
20600.0 50 -34500.0 0
16300.0 50 -34500.0 0
12000.0 50 -34500.0 0
7700.0 50 -34500.0 0
3400.0 50 -34500.0 0
3400.0 50 -34500.0 0
7700.0 50 -34500.0 0
12000.0 50 -34500.0 0
16300.0 50 -34500.0 0
20600.0 50 -34500.0 0
24900.0 50 -34500.0 0
29200.0 50 -34500.0 0
33500.0 50 -34500.0 0
33500.0 50 -34500.0 0
29200.0 50 -34500.0 0
24900.0 50 -34500.0 0
20600.0 50 -34500.0 0
16300.0 50 -34500.0 0
12000.0 50 -34500.0 0
7700.0 50 -34500.0 0
3400.0 50 -34500.0 0
3400.0 50 -34500.0 0
7700.0 50 -34500.0 0
12000.0 50 -34500.0 0
16300.0 50 -34500.0 0
20600.0 50 -34500.0 0
24900.0 50 -34500.0 0
29200.0 50 -34500.0 0
33500.0 50 -34500.0 0
33500.0 50 -34500.0 0
29200.0 50 -34500.0 0
24900.0 50 -34500.0 0
20600.0 50 -34500.0 0
16300.0 50 -34500.0 0
12000.0 50 -34500.0 0
7700.0 50 -34500.0 0
3400.0 50 -34500.0 0
3400.0 50 -34500.0 0
7700.0 50 -34500.0 0
12000.0 50 -34500.0 0
16300.0 50 -34500.0 0
20600.0 50 -34500.0 0
24900.0 50 -34500.0 0
29200.0 50 -34500.0 0
33500.0 50 -34500.0 0
33500.0 50 -34500.0 0
29200.0 50 -34500.0 0
24900.0 50 -34500.0 0
20600.0 50 -34500.0 0
16300.0 50 -34500.0 0
12000.0 50 -34500.0 0
7700.0 50 -34500.0 0
3400.0 50 -34500.0 0
3400.0 50 -34500.0 0
7700.0 50 -34500.0 0
12000.0 50 -34500.0 0
16300.0 50 -34500.0 0
20600.0 50 -34500.0 0
24900.0 50 -34500.0 0
29200.0 50 -34500.0 0
33500.0 50 -34500.0 0
33500.0 50 -34500.0 0
29200.0 50 -34500.0 0
24900.0 50 -34500.0 0
20600.0 50 -34500.0 0
16300.0 50 -34500.0 0
12000.0 50 -34500.0 0
7700.0 50 -34500.0 0
3400.0 50 -34500.0 0
3400.0 50 -34500.0 0
7700.0 50 -34500.0 0
12000.0 50 -34500.0 0
16300.0 50 -34500.0 0
20600.0 50 -34500.0 0
24900.0 50 -34500.0 0
29200.0 50 -34500.0 0
33500.0 50 -34500.0 0
33500.0 50 -34500.0 0
29200.0 50 -34500.0 0
24900.0 50 -34500.0 0
20600.0 50 -34500.0 0
16300.0 50 -34500.0 0
12000.0 50 -34500.0 0
7700.0 50 -34500.0 0
3400.0 50 -34500.0 0
3400.0 4050 -34500.0 0
7700.0 4050 -34500.0 0
12000.0 4050 -34500.0 0
16300.0 4050 -34500.0 0
20600.0 4050 -34500.0 0
24900.0 4050 -34500.0 0
29200.0 4050 -34500.0 0
33500.0 4050 -34500.0 0
33500.0 4050 -34500.0 0
29200.0 4050 -34500.0 0
24900.0 4050 -34500.0 0
20600.0 4050 -34500.0 0
16300.0 4050 -34500.0 0
12000.0 4050 -34500.0 0
7700.0 4050 -34500.0 0
3400.0 4050 -34500.0 0
3400.0 4050 -34500.0 0
7700.0 4050 -34500.0 0
12000.0 4050 -34500.0 0
16300.0 4050 -34500.0 0
20600.0 4050 -34500.0 0
24900.0 4050 -34500.0 0
29200.0 4050 -34500.0 0
33500.0 4050 -34500.0 0
33500.0 4050 -34500.0 0
29200.0 4050 -34500.0 0
24900.0 4050 -34500.0 0
20600.0 4050 -34500.0 0
16300.0 4050 -34500.0 0
12000.0 4050 -34500.0 0
7700.0 4050 -34500.0 0
3400.0 4050 -34500.0 0
3400.0 4050 -34500.0 0
7700.0 4050 -34500.0 0
12000.0 4050 -34500.0 0
16300.0 4050 -34500.0 0
20600.0 4050 -34500.0 0
24900.0 4050 -34500.0 0
29200.0 4050 -34500.0 0
33500.0 4050 -34500.0 0
33500.0 4050 -34500.0 0
29200.0 4050 -34500.0 0
24900.0 4050 -34500.0 0
20600.0 4050 -34500.0 0
16300.0 4050 -34500.0 0
12000.0 4050 -34500.0 0
7700.0 4050 -34500.0 0
3400.0 4050 -34500.0 0
3400.0 4050 -34500.0 0
7700.0 4050 -34500.0 0
12000.0 4050 -34500.0 0
16300.0 4050 -34500.0 0
20600.0 4050 -34500.0 0
24900.0 4050 -34500.0 0
29200.0 4050 -34500.0 0
33500.0 4050 -34500.0 0
33500.0 4050 -34500.0 0
29200.0 4050 -34500.0 0
24900.0 4050 -34500.0 0
20600.0 4050 -34500.0 0
16300.0 4050 -34500.0 0
12000.0 4050 -34500.0 0
7700.0 4050 -34500.0 0
3400.0 4050 -34500.0 0
3400.0 4050 -34500.0 0
7700.0 4050 -34500.0 0
12000.0 4050 -34500.0 0
16300.0 4050 -34500.0 0
20600.0 4050 -34500.0 0
24900.0 4050 -34500.0 0
29200.0 4050 -34500.0 0
33500.0 4050 -34500.0 0
33500.0 4050 -34500.0 0
29200.0 4050 -34500.0 0
24900.0 4050 -34500.0 0
20600.0 4050 -34500.0 0
16300.0 4050 -34500.0 0
12000.0 4050 -34500.0 0
7700.0 4050 -34500.0 0
3400.0 4050 -34500.0 0
3400.0 4050 -34500.0 0
7700.0 4050 -34500.0 0
12000.0 4050 -34500.0 0
16300.0 4050 -34500.0 0
20600.0 4050 -34500.0 0
24900.0 4050 -34500.0 0
29200.0 4050 -34500.0 0
33500.0 4050 -34500.0 0
33500.0 4050 -34500.0 0
29200.0 4050 -34500.0 0
24900.0 4050 -34500.0 0
20600.0 4050 -34500.0 0
16300.0 4050 -34500.0 0
12000.0 4050 -34500.0 0
7700.0 4050 -34500.0 0
3400.0 4050 -34500.0 0
3400.0 4050 -34500.0 0
7700.0 4050 -34500.0 0
12000.0 4050 -34500.0 0
16300.0 4050 -34500.0 0
20600.0 4050 -34500.0 0
24900.0 4050 -34500.0 0
29200.0 4050 -34500.0 0
33500.0 4050 -34500.0 0
33500.0 4050 -34500.0 0
29200.0 4050 -34500.0 0
24900.0 4050 -34500.0 0
20600.0 4050 -34500.0 0
16300.0 4050 -34500.0 0
12000.0 4050 -34500.0 0
7700.0 4050 -34500.0 0
3400.0 4050 -34500.0 0
3400.0 4050 -34500.0 0
7700.0 4050 -34500.0 0
12000.0 4050 -34500.0 0
16300.0 4050 -34500.0 0
20600.0 4050 -34500.0 0
24900.0 4050 -34500.0 0
29200.0 4050 -34500.0 0
33500.0 4050 -34500.0 0
33500.0 4050 -34500.0 0
29200.0 4050 -34500.0 0
24900.0 4050 -34500.0 0
20600.0 4050 -34500.0 0
16300.0 4050 -34500.0 0
12000.0 4050 -34500.0 0
7700.0 4050 -34500.0 0
3400.0 4050 -34500.0 0
3400.0 8050 -34500.0 0
7700.0 8050 -34500.0 0
12000.0 8050 -34500.0 0
16300.0 8050 -34500.0 0
20600.0 8050 -34500.0 0
24900.0 8050 -34500.0 0
29200.0 8050 -34500.0 0
33500.0 8050 -34500.0 0
33500.0 8050 -34500.0 0
29200.0 8050 -34500.0 0
24900.0 8050 -34500.0 0
20600.0 8050 -34500.0 0
16300.0 8050 -34500.0 0
12000.0 8050 -34500.0 0
7700.0 8050 -34500.0 0
3400.0 8050 -34500.0 0
3400.0 8050 -34500.0 0
7700.0 8050 -34500.0 0
12000.0 8050 -34500.0 0
16300.0 8050 -34500.0 0
20600.0 8050 -34500.0 0
24900.0 8050 -34500.0 0
29200.0 8050 -34500.0 0
33500.0 8050 -34500.0 0
33500.0 8050 -34500.0 0
29200.0 8050 -34500.0 0
24900.0 8050 -34500.0 0
20600.0 8050 -34500.0 0
16300.0 8050 -34500.0 0
12000.0 8050 -34500.0 0
7700.0 8050 -34500.0 0
3400.0 8050 -34500.0 0
3400.0 8050 -34500.0 0
7700.0 8050 -34500.0 0
12000.0 8050 -34500.0 0
16300.0 8050 -34500.0 0
20600.0 8050 -34500.0 0
24900.0 8050 -34500.0 0
29200.0 8050 -34500.0 0
33500.0 8050 -34500.0 0
33500.0 8050 -34500.0 0
29200.0 8050 -34500.0 0
24900.0 8050 -34500.0 0
20600.0 8050 -34500.0 0
16300.0 8050 -34500.0 0
12000.0 8050 -34500.0 0
7700.0 8050 -34500.0 0
3400.0 8050 -34500.0 0
3400.0 8050 -34500.0 0
7700.0 8050 -34500.0 0
12000.0 8050 -34500.0 0
16300.0 8050 -34500.0 0
20600.0 8050 -34500.0 0
24900.0 8050 -34500.0 0
29200.0 8050 -34500.0 0
33500.0 8050 -34500.0 0
33500.0 8050 -34500.0 0
29200.0 8050 -34500.0 0
24900.0 8050 -34500.0 0
20600.0 8050 -34500.0 0
16300.0 8050 -34500.0 0
12000.0 8050 -34500.0 0
7700.0 8050 -34500.0 0
3400.0 8050 -34500.0 0
3400.0 8050 -34500.0 0
7700.0 8050 -34500.0 0
12000.0 8050 -34500.0 0
16300.0 8050 -34500.0 0
20600.0 8050 -34500.0 0
24900.0 8050 -34500.0 0
29200.0 8050 -34500.0 0
33500.0 8050 -34500.0 0
33500.0 8050 -34500.0 0
29200.0 8050 -34500.0 0
24900.0 8050 -34500.0 0
20600.0 8050 -34500.0 0
16300.0 8050 -34500.0 0
12000.0 8050 -34500.0 0
7700.0 8050 -34500.0 0
3400.0 8050 -34500.0 0
3400.0 8050 -34500.0 0
7700.0 8050 -34500.0 0
12000.0 8050 -34500.0 0
16300.0 8050 -34500.0 0
20600.0 8050 -34500.0 0
24900.0 8050 -34500.0 0
29200.0 8050 -34500.0 0
33500.0 8050 -34500.0 0
33500.0 8050 -34500.0 0
29200.0 8050 -34500.0 0
24900.0 8050 -34500.0 0
20600.0 8050 -34500.0 0
16300.0 8050 -34500.0 0
12000.0 8050 -34500.0 0
7700.0 8050 -34500.0 0
3400.0 8050 -34500.0 0
3400.0 8050 -34500.0 0
7700.0 8050 -34500.0 0
12000.0 8050 -34500.0 0
16300.0 8050 -34500.0 0
20600.0 8050 -34500.0 0
24900.0 8050 -34500.0 0
29200.0 8050 -34500.0 0
33500.0 8050 -34500.0 0
33500.0 8050 -34500.0 0
29200.0 8050 -34500.0 0
24900.0 8050 -34500.0 0
20600.0 8050 -34500.0 0
16300.0 8050 -34500.0 0
12000.0 8050 -34500.0 0
7700.0 8050 -34500.0 0
3400.0 8050 -34500.0 0
3400.0 8050 -34500.0 0
7700.0 8050 -34500.0 0
12000.0 8050 -34500.0 0
16300.0 8050 -34500.0 0
20600.0 8050 -34500.0 0
24900.0 8050 -34500.0 0
29200.0 8050 -34500.0 0
33500.0 8050 -34500.0 0
33500.0 8050 -34500.0 0
29200.0 8050 -34500.0 0
24900.0 8050 -34500.0 0
20600.0 8050 -34500.0 0
16300.0 8050 -34500.0 0
12000.0 8050 -34500.0 0
7700.0 8050 -34500.0 0
3400.0 8050 -34500.0 0
3400.0 12050 -34500.0 0
7700.0 12050 -34500.0 0
12000.0 12050 -34500.0 0
16300.0 12050 -34500.0 0
20600.0 12050 -34500.0 0
24900.0 12050 -34500.0 0
29200.0 12050 -34500.0 0
33500.0 12050 -34500.0 0
33500.0 12050 -34500.0 0
29200.0 12050 -34500.0 0
24900.0 12050 -34500.0 0
20600.0 12050 -34500.0 0
16300.0 12050 -34500.0 0
12000.0 12050 -34500.0 0
7700.0 12050 -34500.0 0
3400.0 12050 -34500.0 0
3400.0 12050 -34500.0 0
7700.0 12050 -34500.0 0
12000.0 12050 -34500.0 0
16300.0 12050 -34500.0 0
20600.0 12050 -34500.0 0
24900.0 12050 -34500.0 0
29200.0 12050 -34500.0 0
33500.0 12050 -34500.0 0
33500.0 12050 -34500.0 0
29200.0 12050 -34500.0 0
24900.0 12050 -34500.0 0
20600.0 12050 -34500.0 0
16300.0 12050 -34500.0 0
12000.0 12050 -34500.0 0
7700.0 12050 -34500.0 0
3400.0 12050 -34500.0 0
3400.0 12050 -34500.0 0
7700.0 12050 -34500.0 0
12000.0 12050 -34500.0 0
16300.0 12050 -34500.0 0
20600.0 12050 -34500.0 0
24900.0 12050 -34500.0 0
29200.0 12050 -34500.0 0
33500.0 12050 -34500.0 0
33500.0 12050 -34500.0 0
29200.0 12050 -34500.0 0
24900.0 12050 -34500.0 0
20600.0 12050 -34500.0 0
16300.0 12050 -34500.0 0
12000.0 12050 -34500.0 0
7700.0 12050 -34500.0 0
3400.0 12050 -34500.0 0
3400.0 12050 -34500.0 0
7700.0 12050 -34500.0 0
12000.0 12050 -34500.0 0
16300.0 12050 -34500.0 0
20600.0 12050 -34500.0 0
24900.0 12050 -34500.0 0
29200.0 12050 -34500.0 0
33500.0 12050 -34500.0 0
33500.0 12050 -34500.0 0
29200.0 12050 -34500.0 0
24900.0 12050 -34500.0 0
20600.0 12050 -34500.0 0
16300.0 12050 -34500.0 0
12000.0 12050 -34500.0 0
7700.0 12050 -34500.0 0
3400.0 12050 -34500.0 0
3400.0 12050 -34500.0 0
7700.0 12050 -34500.0 0
12000.0 12050 -34500.0 0
16300.0 12050 -34500.0 0
20600.0 12050 -34500.0 0
24900.0 12050 -34500.0 0
29200.0 12050 -34500.0 0
33500.0 12050 -34500.0 0
33500.0 12050 -34500.0 0
29200.0 12050 -34500.0 0
24900.0 12050 -34500.0 0
20600.0 12050 -34500.0 0
16300.0 12050 -34500.0 0
12000.0 12050 -34500.0 0
7700.0 12050 -34500.0 0
3400.0 12050 -34500.0 0
3400.0 12050 -34500.0 0
7700.0 12050 -34500.0 0
12000.0 12050 -34500.0 0
16300.0 12050 -34500.0 0
20600.0 12050 -34500.0 0
24900.0 12050 -34500.0 0
29200.0 12050 -34500.0 0
33500.0 12050 -34500.0 0
33500.0 12050 -34500.0 0
29200.0 12050 -34500.0 0
24900.0 12050 -34500.0 0
20600.0 12050 -34500.0 0
16300.0 12050 -34500.0 0
12000.0 12050 -34500.0 0
7700.0 12050 -34500.0 0
3400.0 12050 -34500.0 0
3400.0 12050 -34500.0 0
7700.0 12050 -34500.0 0
12000.0 12050 -34500.0 0
16300.0 12050 -34500.0 0
20600.0 12050 -34500.0 0
24900.0 12050 -34500.0 0
29200.0 12050 -34500.0 0
33500.0 12050 -34500.0 0
33500.0 12050 -34500.0 0
29200.0 12050 -34500.0 0
24900.0 12050 -34500.0 0
20600.0 12050 -34500.0 0
16300.0 12050 -34500.0 0
12000.0 12050 -34500.0 0
7700.0 12050 -34500.0 0
3400.0 12050 -34500.0 0
3400.0 12050 -34500.0 0
7700.0 12050 -34500.0 0
12000.0 12050 -34500.0 0
16300.0 12050 -34500.0 0
20600.0 12050 -34500.0 0
24900.0 12050 -34500.0 0
29200.0 12050 -34500.0 0
33500.0 12050 -34500.0 0
33500.0 12050 -34500.0 0
29200.0 12050 -34500.0 0
24900.0 12050 -34500.0 0
20600.0 12050 -34500.0 0
16300.0 12050 -34500.0 0
12000.0 12050 -34500.0 0
7700.0 12050 -34500.0 0
3400.0 12050 -34500.0 0
3400.0 50 -17500.0 0
7700.0 50 -17500.0 0
12000.0 50 -17500.0 0
16300.0 50 -17500.0 0
20600.0 50 -17500.0 0
24900.0 50 -17500.0 0
29200.0 50 -17500.0 0
33500.0 50 -17500.0 0
33500.0 50 -17500.0 0
29200.0 50 -17500.0 0
24900.0 50 -17500.0 0
20600.0 50 -17500.0 0
16300.0 50 -17500.0 0
12000.0 50 -17500.0 0
7700.0 50 -17500.0 0
3400.0 50 -17500.0 0
3400.0 50 -17500.0 0
7700.0 50 -17500.0 0
12000.0 50 -17500.0 0
16300.0 50 -17500.0 0
20600.0 50 -17500.0 0
24900.0 50 -17500.0 0
29200.0 50 -17500.0 0
33500.0 50 -17500.0 0
33500.0 50 -17500.0 0
29200.0 50 -17500.0 0
24900.0 50 -17500.0 0
20600.0 50 -17500.0 0
16300.0 50 -17500.0 0
12000.0 50 -17500.0 0
7700.0 50 -17500.0 0
3400.0 50 -17500.0 0
3400.0 50 -17500.0 0
7700.0 50 -17500.0 0
12000.0 50 -17500.0 0
16300.0 50 -17500.0 0
20600.0 50 -17500.0 0
24900.0 50 -17500.0 0
29200.0 50 -17500.0 0
33500.0 50 -17500.0 0
33500.0 50 -17500.0 0
29200.0 50 -17500.0 0
24900.0 50 -17500.0 0
20600.0 50 -17500.0 0
16300.0 50 -17500.0 0
12000.0 50 -17500.0 0
7700.0 50 -17500.0 0
3400.0 50 -17500.0 0
3400.0 50 -17500.0 0
7700.0 50 -17500.0 0
12000.0 50 -17500.0 0
16300.0 50 -17500.0 0
20600.0 50 -17500.0 0
24900.0 50 -17500.0 0
29200.0 50 -17500.0 0
33500.0 50 -17500.0 0
33500.0 50 -17500.0 0
29200.0 50 -17500.0 0
24900.0 50 -17500.0 0
20600.0 50 -17500.0 0
16300.0 50 -17500.0 0
12000.0 50 -17500.0 0
7700.0 50 -17500.0 0
3400.0 50 -17500.0 0
3400.0 50 -17500.0 0
7700.0 50 -17500.0 0
12000.0 50 -17500.0 0
16300.0 50 -17500.0 0
20600.0 50 -17500.0 0
24900.0 50 -17500.0 0
29200.0 50 -17500.0 0
33500.0 50 -17500.0 0
33500.0 50 -17500.0 0
29200.0 50 -17500.0 0
24900.0 50 -17500.0 0
20600.0 50 -17500.0 0
16300.0 50 -17500.0 0
12000.0 50 -17500.0 0
7700.0 50 -17500.0 0
3400.0 50 -17500.0 0
3400.0 50 -17500.0 0
7700.0 50 -17500.0 0
12000.0 50 -17500.0 0
16300.0 50 -17500.0 0
20600.0 50 -17500.0 0
24900.0 50 -17500.0 0
29200.0 50 -17500.0 0
33500.0 50 -17500.0 0
33500.0 50 -17500.0 0
29200.0 50 -17500.0 0
24900.0 50 -17500.0 0
20600.0 50 -17500.0 0
16300.0 50 -17500.0 0
12000.0 50 -17500.0 0
7700.0 50 -17500.0 0
3400.0 50 -17500.0 0
3400.0 50 -17500.0 0
7700.0 50 -17500.0 0
12000.0 50 -17500.0 0
16300.0 50 -17500.0 0
20600.0 50 -17500.0 0
24900.0 50 -17500.0 0
29200.0 50 -17500.0 0
33500.0 50 -17500.0 0
33500.0 50 -17500.0 0
29200.0 50 -17500.0 0
24900.0 50 -17500.0 0
20600.0 50 -17500.0 0
16300.0 50 -17500.0 0
12000.0 50 -17500.0 0
7700.0 50 -17500.0 0
3400.0 50 -17500.0 0
3400.0 50 -17500.0 0
7700.0 50 -17500.0 0
12000.0 50 -17500.0 0
16300.0 50 -17500.0 0
20600.0 50 -17500.0 0
24900.0 50 -17500.0 0
29200.0 50 -17500.0 0
33500.0 50 -17500.0 0
33500.0 50 -17500.0 0
29200.0 50 -17500.0 0
24900.0 50 -17500.0 0
20600.0 50 -17500.0 0
16300.0 50 -17500.0 0
12000.0 50 -17500.0 0
7700.0 50 -17500.0 0
3400.0 50 -17500.0 0
3400.0 4050 -17500.0 0
7700.0 4050 -17500.0 0
12000.0 4050 -17500.0 0
16300.0 4050 -17500.0 0
20600.0 4050 -17500.0 0
24900.0 4050 -17500.0 0
29200.0 4050 -17500.0 0
33500.0 4050 -17500.0 0
33500.0 4050 -17500.0 0
29200.0 4050 -17500.0 0
24900.0 4050 -17500.0 0
20600.0 4050 -17500.0 0
16300.0 4050 -17500.0 0
12000.0 4050 -17500.0 0
7700.0 4050 -17500.0 0
3400.0 4050 -17500.0 0
3400.0 4050 -17500.0 0
7700.0 4050 -17500.0 0
12000.0 4050 -17500.0 0
16300.0 4050 -17500.0 0
20600.0 4050 -17500.0 0
24900.0 4050 -17500.0 0
29200.0 4050 -17500.0 0
33500.0 4050 -17500.0 0
33500.0 4050 -17500.0 0
29200.0 4050 -17500.0 0
24900.0 4050 -17500.0 0
20600.0 4050 -17500.0 0
16300.0 4050 -17500.0 0
12000.0 4050 -17500.0 0
7700.0 4050 -17500.0 0
3400.0 4050 -17500.0 0
3400.0 4050 -17500.0 0
7700.0 4050 -17500.0 0
12000.0 4050 -17500.0 0
16300.0 4050 -17500.0 0
20600.0 4050 -17500.0 0
24900.0 4050 -17500.0 0
29200.0 4050 -17500.0 0
33500.0 4050 -17500.0 0
33500.0 4050 -17500.0 0
29200.0 4050 -17500.0 0
24900.0 4050 -17500.0 0
20600.0 4050 -17500.0 0
16300.0 4050 -17500.0 0
12000.0 4050 -17500.0 0
7700.0 4050 -17500.0 0
3400.0 4050 -17500.0 0
3400.0 4050 -17500.0 0
7700.0 4050 -17500.0 0
12000.0 4050 -17500.0 0
16300.0 4050 -17500.0 0
20600.0 4050 -17500.0 0
24900.0 4050 -17500.0 0
29200.0 4050 -17500.0 0
33500.0 4050 -17500.0 0
33500.0 4050 -17500.0 0
29200.0 4050 -17500.0 0
24900.0 4050 -17500.0 0
20600.0 4050 -17500.0 0
16300.0 4050 -17500.0 0
12000.0 4050 -17500.0 0
7700.0 4050 -17500.0 0
3400.0 4050 -17500.0 0
3400.0 4050 -17500.0 0
7700.0 4050 -17500.0 0
12000.0 4050 -17500.0 0
16300.0 4050 -17500.0 0
20600.0 4050 -17500.0 0
24900.0 4050 -17500.0 0
29200.0 4050 -17500.0 0
33500.0 4050 -17500.0 0
33500.0 4050 -17500.0 0
29200.0 4050 -17500.0 0
24900.0 4050 -17500.0 0
20600.0 4050 -17500.0 0
16300.0 4050 -17500.0 0
12000.0 4050 -17500.0 0
7700.0 4050 -17500.0 0
3400.0 4050 -17500.0 0
3400.0 4050 -17500.0 0
7700.0 4050 -17500.0 0
12000.0 4050 -17500.0 0
16300.0 4050 -17500.0 0
20600.0 4050 -17500.0 0
24900.0 4050 -17500.0 0
29200.0 4050 -17500.0 0
33500.0 4050 -17500.0 0
33500.0 4050 -17500.0 0
29200.0 4050 -17500.0 0
24900.0 4050 -17500.0 0
20600.0 4050 -17500.0 0
16300.0 4050 -17500.0 0
12000.0 4050 -17500.0 0
7700.0 4050 -17500.0 0
3400.0 4050 -17500.0 0
3400.0 4050 -17500.0 0
7700.0 4050 -17500.0 0
12000.0 4050 -17500.0 0
16300.0 4050 -17500.0 0
20600.0 4050 -17500.0 0
24900.0 4050 -17500.0 0
29200.0 4050 -17500.0 0
33500.0 4050 -17500.0 0
33500.0 4050 -17500.0 0
29200.0 4050 -17500.0 0
24900.0 4050 -17500.0 0
20600.0 4050 -17500.0 0
16300.0 4050 -17500.0 0
12000.0 4050 -17500.0 0
7700.0 4050 -17500.0 0
3400.0 4050 -17500.0 0
3400.0 4050 -17500.0 0
7700.0 4050 -17500.0 0
12000.0 4050 -17500.0 0
16300.0 4050 -17500.0 0
20600.0 4050 -17500.0 0
24900.0 4050 -17500.0 0
29200.0 4050 -17500.0 0
33500.0 4050 -17500.0 0
33500.0 4050 -17500.0 0
29200.0 4050 -17500.0 0
24900.0 4050 -17500.0 0
20600.0 4050 -17500.0 0
16300.0 4050 -17500.0 0
12000.0 4050 -17500.0 0
7700.0 4050 -17500.0 0
3400.0 4050 -17500.0 0
3400.0 8050 -17500.0 0
7700.0 8050 -17500.0 0
12000.0 8050 -17500.0 0
16300.0 8050 -17500.0 0
20600.0 8050 -17500.0 0
24900.0 8050 -17500.0 0
29200.0 8050 -17500.0 0
33500.0 8050 -17500.0 0
33500.0 8050 -17500.0 0
29200.0 8050 -17500.0 0
24900.0 8050 -17500.0 0
20600.0 8050 -17500.0 0
16300.0 8050 -17500.0 0
12000.0 8050 -17500.0 0
7700.0 8050 -17500.0 0
3400.0 8050 -17500.0 0
3400.0 8050 -17500.0 0
7700.0 8050 -17500.0 0
12000.0 8050 -17500.0 0
16300.0 8050 -17500.0 0
20600.0 8050 -17500.0 0
24900.0 8050 -17500.0 0
29200.0 8050 -17500.0 0
33500.0 8050 -17500.0 0
33500.0 8050 -17500.0 0
29200.0 8050 -17500.0 0
24900.0 8050 -17500.0 0
20600.0 8050 -17500.0 0
16300.0 8050 -17500.0 0
12000.0 8050 -17500.0 0
7700.0 8050 -17500.0 0
3400.0 8050 -17500.0 0
3400.0 8050 -17500.0 0
7700.0 8050 -17500.0 0
12000.0 8050 -17500.0 0
16300.0 8050 -17500.0 0
20600.0 8050 -17500.0 0
24900.0 8050 -17500.0 0
29200.0 8050 -17500.0 0
33500.0 8050 -17500.0 0
33500.0 8050 -17500.0 0
29200.0 8050 -17500.0 0
24900.0 8050 -17500.0 0
20600.0 8050 -17500.0 0
16300.0 8050 -17500.0 0
12000.0 8050 -17500.0 0
7700.0 8050 -17500.0 0
3400.0 8050 -17500.0 0
3400.0 8050 -17500.0 0
7700.0 8050 -17500.0 0
12000.0 8050 -17500.0 0
16300.0 8050 -17500.0 0
20600.0 8050 -17500.0 0
24900.0 8050 -17500.0 0
29200.0 8050 -17500.0 0
33500.0 8050 -17500.0 0
33500.0 8050 -17500.0 0
29200.0 8050 -17500.0 0
24900.0 8050 -17500.0 0
20600.0 8050 -17500.0 0
16300.0 8050 -17500.0 0
12000.0 8050 -17500.0 0
7700.0 8050 -17500.0 0
3400.0 8050 -17500.0 0
3400.0 8050 -17500.0 0
7700.0 8050 -17500.0 0
12000.0 8050 -17500.0 0
16300.0 8050 -17500.0 0
20600.0 8050 -17500.0 0
24900.0 8050 -17500.0 0
29200.0 8050 -17500.0 0
33500.0 8050 -17500.0 0
33500.0 8050 -17500.0 0
29200.0 8050 -17500.0 0
24900.0 8050 -17500.0 0
20600.0 8050 -17500.0 0
16300.0 8050 -17500.0 0
12000.0 8050 -17500.0 0
7700.0 8050 -17500.0 0
3400.0 8050 -17500.0 0
3400.0 8050 -17500.0 0
7700.0 8050 -17500.0 0
12000.0 8050 -17500.0 0
16300.0 8050 -17500.0 0
20600.0 8050 -17500.0 0
24900.0 8050 -17500.0 0
29200.0 8050 -17500.0 0
33500.0 8050 -17500.0 0
33500.0 8050 -17500.0 0
29200.0 8050 -17500.0 0
24900.0 8050 -17500.0 0
20600.0 8050 -17500.0 0
16300.0 8050 -17500.0 0
12000.0 8050 -17500.0 0
7700.0 8050 -17500.0 0
3400.0 8050 -17500.0 0
3400.0 8050 -17500.0 0
7700.0 8050 -17500.0 0
12000.0 8050 -17500.0 0
16300.0 8050 -17500.0 0
20600.0 8050 -17500.0 0
24900.0 8050 -17500.0 0
29200.0 8050 -17500.0 0
33500.0 8050 -17500.0 0
33500.0 8050 -17500.0 0
29200.0 8050 -17500.0 0
24900.0 8050 -17500.0 0
20600.0 8050 -17500.0 0
16300.0 8050 -17500.0 0
12000.0 8050 -17500.0 0
7700.0 8050 -17500.0 0
3400.0 8050 -17500.0 0
3400.0 8050 -17500.0 0
7700.0 8050 -17500.0 0
12000.0 8050 -17500.0 0
16300.0 8050 -17500.0 0
20600.0 8050 -17500.0 0
24900.0 8050 -17500.0 0
29200.0 8050 -17500.0 0
33500.0 8050 -17500.0 0
33500.0 8050 -17500.0 0
29200.0 8050 -17500.0 0
24900.0 8050 -17500.0 0
20600.0 8050 -17500.0 0
16300.0 8050 -17500.0 0
12000.0 8050 -17500.0 0
7700.0 8050 -17500.0 0
3400.0 8050 -17500.0 0
3400.0 12050 -17500.0 0
7700.0 12050 -17500.0 0
12000.0 12050 -17500.0 0
16300.0 12050 -17500.0 0
20600.0 12050 -17500.0 0
24900.0 12050 -17500.0 0
29200.0 12050 -17500.0 0
33500.0 12050 -17500.0 0
33500.0 12050 -17500.0 0
29200.0 12050 -17500.0 0
24900.0 12050 -17500.0 0
20600.0 12050 -17500.0 0
16300.0 12050 -17500.0 0
12000.0 12050 -17500.0 0
7700.0 12050 -17500.0 0
3400.0 12050 -17500.0 0
3400.0 12050 -17500.0 0
7700.0 12050 -17500.0 0
12000.0 12050 -17500.0 0
16300.0 12050 -17500.0 0
20600.0 12050 -17500.0 0
24900.0 12050 -17500.0 0
29200.0 12050 -17500.0 0
33500.0 12050 -17500.0 0
33500.0 12050 -17500.0 0
29200.0 12050 -17500.0 0
24900.0 12050 -17500.0 0
20600.0 12050 -17500.0 0
16300.0 12050 -17500.0 0
12000.0 12050 -17500.0 0
7700.0 12050 -17500.0 0
3400.0 12050 -17500.0 0
3400.0 12050 -17500.0 0
7700.0 12050 -17500.0 0
12000.0 12050 -17500.0 0
16300.0 12050 -17500.0 0
20600.0 12050 -17500.0 0
24900.0 12050 -17500.0 0
29200.0 12050 -17500.0 0
33500.0 12050 -17500.0 0
33500.0 12050 -17500.0 0
29200.0 12050 -17500.0 0
24900.0 12050 -17500.0 0
20600.0 12050 -17500.0 0
16300.0 12050 -17500.0 0
12000.0 12050 -17500.0 0
7700.0 12050 -17500.0 0
3400.0 12050 -17500.0 0
3400.0 12050 -17500.0 0
7700.0 12050 -17500.0 0
12000.0 12050 -17500.0 0
16300.0 12050 -17500.0 0
20600.0 12050 -17500.0 0
24900.0 12050 -17500.0 0
29200.0 12050 -17500.0 0
33500.0 12050 -17500.0 0
33500.0 12050 -17500.0 0
29200.0 12050 -17500.0 0
24900.0 12050 -17500.0 0
20600.0 12050 -17500.0 0
16300.0 12050 -17500.0 0
12000.0 12050 -17500.0 0
7700.0 12050 -17500.0 0
3400.0 12050 -17500.0 0
3400.0 12050 -17500.0 0
7700.0 12050 -17500.0 0
12000.0 12050 -17500.0 0
16300.0 12050 -17500.0 0
20600.0 12050 -17500.0 0
24900.0 12050 -17500.0 0
29200.0 12050 -17500.0 0
33500.0 12050 -17500.0 0
33500.0 12050 -17500.0 0
29200.0 12050 -17500.0 0
24900.0 12050 -17500.0 0
20600.0 12050 -17500.0 0
16300.0 12050 -17500.0 0
12000.0 12050 -17500.0 0
7700.0 12050 -17500.0 0
3400.0 12050 -17500.0 0
3400.0 12050 -17500.0 0
7700.0 12050 -17500.0 0
12000.0 12050 -17500.0 0
16300.0 12050 -17500.0 0
20600.0 12050 -17500.0 0
24900.0 12050 -17500.0 0
29200.0 12050 -17500.0 0
33500.0 12050 -17500.0 0
33500.0 12050 -17500.0 0
29200.0 12050 -17500.0 0
24900.0 12050 -17500.0 0
20600.0 12050 -17500.0 0
16300.0 12050 -17500.0 0
12000.0 12050 -17500.0 0
7700.0 12050 -17500.0 0
3400.0 12050 -17500.0 0
3400.0 12050 -17500.0 0
7700.0 12050 -17500.0 0
12000.0 12050 -17500.0 0
16300.0 12050 -17500.0 0
20600.0 12050 -17500.0 0
24900.0 12050 -17500.0 0
29200.0 12050 -17500.0 0
33500.0 12050 -17500.0 0
33500.0 12050 -17500.0 0
29200.0 12050 -17500.0 0
24900.0 12050 -17500.0 0
20600.0 12050 -17500.0 0
16300.0 12050 -17500.0 0
12000.0 12050 -17500.0 0
7700.0 12050 -17500.0 0
3400.0 12050 -17500.0 0
3400.0 12050 -17500.0 0
7700.0 12050 -17500.0 0
12000.0 12050 -17500.0 0
16300.0 12050 -17500.0 0
20600.0 12050 -17500.0 0
24900.0 12050 -17500.0 0
29200.0 12050 -17500.0 0
33500.0 12050 -17500.0 0
33500.0 12050 -17500.0 0
29200.0 12050 -17500.0 0
24900.0 12050 -17500.0 0
20600.0 12050 -17500.0 0
16300.0 12050 -17500.0 0
12000.0 12050 -17500.0 0
7700.0 12050 -17500.0 0
3400.0 12050 -17500.0 0
3400.0 50 -51500.0 1
7700.0 50 -51500.0 1
12000.0 50 -51500.0 1
16300.0 50 -51500.0 1
20600.0 50 -51500.0 1
24900.0 50 -51500.0 1
29200.0 50 -51500.0 1
33500.0 50 -51500.0 1
33500.0 50 -51500.0 1
29200.0 50 -51500.0 1
24900.0 50 -51500.0 1
20600.0 50 -51500.0 1
16300.0 50 -51500.0 1
12000.0 50 -51500.0 1
7700.0 50 -51500.0 1
3400.0 50 -51500.0 1
3400.0 50 -51500.0 1
7700.0 50 -51500.0 1
12000.0 50 -51500.0 1
16300.0 50 -51500.0 1
20600.0 50 -51500.0 1
24900.0 50 -51500.0 1
29200.0 50 -51500.0 1
33500.0 50 -51500.0 1
33500.0 50 -51500.0 1
29200.0 50 -51500.0 1
24900.0 50 -51500.0 1
20600.0 50 -51500.0 1
16300.0 50 -51500.0 1
12000.0 50 -51500.0 1
7700.0 50 -51500.0 1
3400.0 50 -51500.0 1
3400.0 50 -51500.0 1
7700.0 50 -51500.0 1
12000.0 50 -51500.0 1
16300.0 50 -51500.0 1
20600.0 50 -51500.0 1
24900.0 50 -51500.0 1
29200.0 50 -51500.0 1
33500.0 50 -51500.0 1
33500.0 50 -51500.0 1
29200.0 50 -51500.0 1
24900.0 50 -51500.0 1
20600.0 50 -51500.0 1
16300.0 50 -51500.0 1
12000.0 50 -51500.0 1
7700.0 50 -51500.0 1
3400.0 50 -51500.0 1
3400.0 50 -51500.0 1
7700.0 50 -51500.0 1
12000.0 50 -51500.0 1
16300.0 50 -51500.0 1
20600.0 50 -51500.0 1
24900.0 50 -51500.0 1
29200.0 50 -51500.0 1
33500.0 50 -51500.0 1
33500.0 50 -51500.0 1
29200.0 50 -51500.0 1
24900.0 50 -51500.0 1
20600.0 50 -51500.0 1
16300.0 50 -51500.0 1
12000.0 50 -51500.0 1
7700.0 50 -51500.0 1
3400.0 50 -51500.0 1
3400.0 50 -51500.0 1
7700.0 50 -51500.0 1
12000.0 50 -51500.0 1
16300.0 50 -51500.0 1
20600.0 50 -51500.0 1
24900.0 50 -51500.0 1
29200.0 50 -51500.0 1
33500.0 50 -51500.0 1
33500.0 50 -51500.0 1
29200.0 50 -51500.0 1
24900.0 50 -51500.0 1
20600.0 50 -51500.0 1
16300.0 50 -51500.0 1
12000.0 50 -51500.0 1
7700.0 50 -51500.0 1
3400.0 50 -51500.0 1
3400.0 50 -51500.0 1
7700.0 50 -51500.0 1
12000.0 50 -51500.0 1
16300.0 50 -51500.0 1
20600.0 50 -51500.0 1
24900.0 50 -51500.0 1
29200.0 50 -51500.0 1
33500.0 50 -51500.0 1
33500.0 50 -51500.0 1
29200.0 50 -51500.0 1
24900.0 50 -51500.0 1
20600.0 50 -51500.0 1
16300.0 50 -51500.0 1
12000.0 50 -51500.0 1
7700.0 50 -51500.0 1
3400.0 50 -51500.0 1
3400.0 50 -51500.0 1
7700.0 50 -51500.0 1
12000.0 50 -51500.0 1
16300.0 50 -51500.0 1
20600.0 50 -51500.0 1
24900.0 50 -51500.0 1
29200.0 50 -51500.0 1
33500.0 50 -51500.0 1
33500.0 50 -51500.0 1
29200.0 50 -51500.0 1
24900.0 50 -51500.0 1
20600.0 50 -51500.0 1
16300.0 50 -51500.0 1
12000.0 50 -51500.0 1
7700.0 50 -51500.0 1
3400.0 50 -51500.0 1
3400.0 50 -51500.0 1
7700.0 50 -51500.0 1
12000.0 50 -51500.0 1
16300.0 50 -51500.0 1
20600.0 50 -51500.0 1
24900.0 50 -51500.0 1
29200.0 50 -51500.0 1
33500.0 50 -51500.0 1
33500.0 50 -51500.0 1
29200.0 50 -51500.0 1
24900.0 50 -51500.0 1
20600.0 50 -51500.0 1
16300.0 50 -51500.0 1
12000.0 50 -51500.0 1
7700.0 50 -51500.0 1
3400.0 50 -51500.0 1
3400.0 4050 -51500.0 1
7700.0 4050 -51500.0 1
12000.0 4050 -51500.0 1
16300.0 4050 -51500.0 1
20600.0 4050 -51500.0 1
24900.0 4050 -51500.0 1
29200.0 4050 -51500.0 1
33500.0 4050 -51500.0 1
33500.0 4050 -51500.0 1
29200.0 4050 -51500.0 1
24900.0 4050 -51500.0 1
20600.0 4050 -51500.0 1
16300.0 4050 -51500.0 1
12000.0 4050 -51500.0 1
7700.0 4050 -51500.0 1
3400.0 4050 -51500.0 1
3400.0 4050 -51500.0 1
7700.0 4050 -51500.0 1
12000.0 4050 -51500.0 1
16300.0 4050 -51500.0 1
20600.0 4050 -51500.0 1
24900.0 4050 -51500.0 1
29200.0 4050 -51500.0 1
33500.0 4050 -51500.0 1
33500.0 4050 -51500.0 1
29200.0 4050 -51500.0 1
24900.0 4050 -51500.0 1
20600.0 4050 -51500.0 1
16300.0 4050 -51500.0 1
12000.0 4050 -51500.0 1
7700.0 4050 -51500.0 1
3400.0 4050 -51500.0 1
3400.0 4050 -51500.0 1
7700.0 4050 -51500.0 1
12000.0 4050 -51500.0 1
16300.0 4050 -51500.0 1
20600.0 4050 -51500.0 1
24900.0 4050 -51500.0 1
29200.0 4050 -51500.0 1
33500.0 4050 -51500.0 1
33500.0 4050 -51500.0 1
29200.0 4050 -51500.0 1
24900.0 4050 -51500.0 1
20600.0 4050 -51500.0 1
16300.0 4050 -51500.0 1
12000.0 4050 -51500.0 1
7700.0 4050 -51500.0 1
3400.0 4050 -51500.0 1
3400.0 4050 -51500.0 1
7700.0 4050 -51500.0 1
12000.0 4050 -51500.0 1
16300.0 4050 -51500.0 1
20600.0 4050 -51500.0 1
24900.0 4050 -51500.0 1
29200.0 4050 -51500.0 1
33500.0 4050 -51500.0 1
33500.0 4050 -51500.0 1
29200.0 4050 -51500.0 1
24900.0 4050 -51500.0 1
20600.0 4050 -51500.0 1
16300.0 4050 -51500.0 1
12000.0 4050 -51500.0 1
7700.0 4050 -51500.0 1
3400.0 4050 -51500.0 1
3400.0 4050 -51500.0 1
7700.0 4050 -51500.0 1
12000.0 4050 -51500.0 1
16300.0 4050 -51500.0 1
20600.0 4050 -51500.0 1
24900.0 4050 -51500.0 1
29200.0 4050 -51500.0 1
33500.0 4050 -51500.0 1
33500.0 4050 -51500.0 1
29200.0 4050 -51500.0 1
24900.0 4050 -51500.0 1
20600.0 4050 -51500.0 1
16300.0 4050 -51500.0 1
12000.0 4050 -51500.0 1
7700.0 4050 -51500.0 1
3400.0 4050 -51500.0 1
3400.0 4050 -51500.0 1
7700.0 4050 -51500.0 1
12000.0 4050 -51500.0 1
16300.0 4050 -51500.0 1
20600.0 4050 -51500.0 1
24900.0 4050 -51500.0 1
29200.0 4050 -51500.0 1
33500.0 4050 -51500.0 1
33500.0 4050 -51500.0 1
29200.0 4050 -51500.0 1
24900.0 4050 -51500.0 1
20600.0 4050 -51500.0 1
16300.0 4050 -51500.0 1
12000.0 4050 -51500.0 1
7700.0 4050 -51500.0 1
3400.0 4050 -51500.0 1
3400.0 4050 -51500.0 1
7700.0 4050 -51500.0 1
12000.0 4050 -51500.0 1
16300.0 4050 -51500.0 1
20600.0 4050 -51500.0 1
24900.0 4050 -51500.0 1
29200.0 4050 -51500.0 1
33500.0 4050 -51500.0 1
33500.0 4050 -51500.0 1
29200.0 4050 -51500.0 1
24900.0 4050 -51500.0 1
20600.0 4050 -51500.0 1
16300.0 4050 -51500.0 1
12000.0 4050 -51500.0 1
7700.0 4050 -51500.0 1
3400.0 4050 -51500.0 1
3400.0 4050 -51500.0 1
7700.0 4050 -51500.0 1
12000.0 4050 -51500.0 1
16300.0 4050 -51500.0 1
20600.0 4050 -51500.0 1
24900.0 4050 -51500.0 1
29200.0 4050 -51500.0 1
33500.0 4050 -51500.0 1
33500.0 4050 -51500.0 1
29200.0 4050 -51500.0 1
24900.0 4050 -51500.0 1
20600.0 4050 -51500.0 1
16300.0 4050 -51500.0 1
12000.0 4050 -51500.0 1
7700.0 4050 -51500.0 1
3400.0 4050 -51500.0 1
3400.0 8050 -51500.0 1
7700.0 8050 -51500.0 1
12000.0 8050 -51500.0 1
16300.0 8050 -51500.0 1
20600.0 8050 -51500.0 1
24900.0 8050 -51500.0 1
29200.0 8050 -51500.0 1
33500.0 8050 -51500.0 1
33500.0 8050 -51500.0 1
29200.0 8050 -51500.0 1
24900.0 8050 -51500.0 1
20600.0 8050 -51500.0 1
16300.0 8050 -51500.0 1
12000.0 8050 -51500.0 1
7700.0 8050 -51500.0 1
3400.0 8050 -51500.0 1
3400.0 8050 -51500.0 1
7700.0 8050 -51500.0 1
12000.0 8050 -51500.0 1
16300.0 8050 -51500.0 1
20600.0 8050 -51500.0 1
24900.0 8050 -51500.0 1
29200.0 8050 -51500.0 1
33500.0 8050 -51500.0 1
33500.0 8050 -51500.0 1
29200.0 8050 -51500.0 1
24900.0 8050 -51500.0 1
20600.0 8050 -51500.0 1
16300.0 8050 -51500.0 1
12000.0 8050 -51500.0 1
7700.0 8050 -51500.0 1
3400.0 8050 -51500.0 1
3400.0 8050 -51500.0 1
7700.0 8050 -51500.0 1
12000.0 8050 -51500.0 1
16300.0 8050 -51500.0 1
20600.0 8050 -51500.0 1
24900.0 8050 -51500.0 1
29200.0 8050 -51500.0 1
33500.0 8050 -51500.0 1
33500.0 8050 -51500.0 1
29200.0 8050 -51500.0 1
24900.0 8050 -51500.0 1
20600.0 8050 -51500.0 1
16300.0 8050 -51500.0 1
12000.0 8050 -51500.0 1
7700.0 8050 -51500.0 1
3400.0 8050 -51500.0 1
3400.0 8050 -51500.0 1
7700.0 8050 -51500.0 1
12000.0 8050 -51500.0 1
16300.0 8050 -51500.0 1
20600.0 8050 -51500.0 1
24900.0 8050 -51500.0 1
29200.0 8050 -51500.0 1
33500.0 8050 -51500.0 1
33500.0 8050 -51500.0 1
29200.0 8050 -51500.0 1
24900.0 8050 -51500.0 1
20600.0 8050 -51500.0 1
16300.0 8050 -51500.0 1
12000.0 8050 -51500.0 1
7700.0 8050 -51500.0 1
3400.0 8050 -51500.0 1
3400.0 8050 -51500.0 1
7700.0 8050 -51500.0 1
12000.0 8050 -51500.0 1
16300.0 8050 -51500.0 1
20600.0 8050 -51500.0 1
24900.0 8050 -51500.0 1
29200.0 8050 -51500.0 1
33500.0 8050 -51500.0 1
33500.0 8050 -51500.0 1
29200.0 8050 -51500.0 1
24900.0 8050 -51500.0 1
20600.0 8050 -51500.0 1
16300.0 8050 -51500.0 1
12000.0 8050 -51500.0 1
7700.0 8050 -51500.0 1
3400.0 8050 -51500.0 1
3400.0 8050 -51500.0 1
7700.0 8050 -51500.0 1
12000.0 8050 -51500.0 1
16300.0 8050 -51500.0 1
20600.0 8050 -51500.0 1
24900.0 8050 -51500.0 1
29200.0 8050 -51500.0 1
33500.0 8050 -51500.0 1
33500.0 8050 -51500.0 1
29200.0 8050 -51500.0 1
24900.0 8050 -51500.0 1
20600.0 8050 -51500.0 1
16300.0 8050 -51500.0 1
12000.0 8050 -51500.0 1
7700.0 8050 -51500.0 1
3400.0 8050 -51500.0 1
3400.0 8050 -51500.0 1
7700.0 8050 -51500.0 1
12000.0 8050 -51500.0 1
16300.0 8050 -51500.0 1
20600.0 8050 -51500.0 1
24900.0 8050 -51500.0 1
29200.0 8050 -51500.0 1
33500.0 8050 -51500.0 1
33500.0 8050 -51500.0 1
29200.0 8050 -51500.0 1
24900.0 8050 -51500.0 1
20600.0 8050 -51500.0 1
16300.0 8050 -51500.0 1
12000.0 8050 -51500.0 1
7700.0 8050 -51500.0 1
3400.0 8050 -51500.0 1
3400.0 8050 -51500.0 1
7700.0 8050 -51500.0 1
12000.0 8050 -51500.0 1
16300.0 8050 -51500.0 1
20600.0 8050 -51500.0 1
24900.0 8050 -51500.0 1
29200.0 8050 -51500.0 1
33500.0 8050 -51500.0 1
33500.0 8050 -51500.0 1
29200.0 8050 -51500.0 1
24900.0 8050 -51500.0 1
20600.0 8050 -51500.0 1
16300.0 8050 -51500.0 1
12000.0 8050 -51500.0 1
7700.0 8050 -51500.0 1
3400.0 8050 -51500.0 1
3400.0 12050 -51500.0 1
7700.0 12050 -51500.0 1
12000.0 12050 -51500.0 1
16300.0 12050 -51500.0 1
20600.0 12050 -51500.0 1
24900.0 12050 -51500.0 1
29200.0 12050 -51500.0 1
33500.0 12050 -51500.0 1
33500.0 12050 -51500.0 1
29200.0 12050 -51500.0 1
24900.0 12050 -51500.0 1
20600.0 12050 -51500.0 1
16300.0 12050 -51500.0 1
12000.0 12050 -51500.0 1
7700.0 12050 -51500.0 1
3400.0 12050 -51500.0 1
3400.0 12050 -51500.0 1
7700.0 12050 -51500.0 1
12000.0 12050 -51500.0 1
16300.0 12050 -51500.0 1
20600.0 12050 -51500.0 1
24900.0 12050 -51500.0 1
29200.0 12050 -51500.0 1
33500.0 12050 -51500.0 1
33500.0 12050 -51500.0 1
29200.0 12050 -51500.0 1
24900.0 12050 -51500.0 1
20600.0 12050 -51500.0 1
16300.0 12050 -51500.0 1
12000.0 12050 -51500.0 1
7700.0 12050 -51500.0 1
3400.0 12050 -51500.0 1
3400.0 12050 -51500.0 1
7700.0 12050 -51500.0 1
12000.0 12050 -51500.0 1
16300.0 12050 -51500.0 1
20600.0 12050 -51500.0 1
24900.0 12050 -51500.0 1
29200.0 12050 -51500.0 1
33500.0 12050 -51500.0 1
33500.0 12050 -51500.0 1
29200.0 12050 -51500.0 1
24900.0 12050 -51500.0 1
20600.0 12050 -51500.0 1
16300.0 12050 -51500.0 1
12000.0 12050 -51500.0 1
7700.0 12050 -51500.0 1
3400.0 12050 -51500.0 1
3400.0 12050 -51500.0 1
7700.0 12050 -51500.0 1
12000.0 12050 -51500.0 1
16300.0 12050 -51500.0 1
20600.0 12050 -51500.0 1
24900.0 12050 -51500.0 1
29200.0 12050 -51500.0 1
33500.0 12050 -51500.0 1
33500.0 12050 -51500.0 1
29200.0 12050 -51500.0 1
24900.0 12050 -51500.0 1
20600.0 12050 -51500.0 1
16300.0 12050 -51500.0 1
12000.0 12050 -51500.0 1
7700.0 12050 -51500.0 1
3400.0 12050 -51500.0 1
3400.0 12050 -51500.0 1
7700.0 12050 -51500.0 1
12000.0 12050 -51500.0 1
16300.0 12050 -51500.0 1
20600.0 12050 -51500.0 1
24900.0 12050 -51500.0 1
29200.0 12050 -51500.0 1
33500.0 12050 -51500.0 1
33500.0 12050 -51500.0 1
29200.0 12050 -51500.0 1
24900.0 12050 -51500.0 1
20600.0 12050 -51500.0 1
16300.0 12050 -51500.0 1
12000.0 12050 -51500.0 1
7700.0 12050 -51500.0 1
3400.0 12050 -51500.0 1
3400.0 12050 -51500.0 1
7700.0 12050 -51500.0 1
12000.0 12050 -51500.0 1
16300.0 12050 -51500.0 1
20600.0 12050 -51500.0 1
24900.0 12050 -51500.0 1
29200.0 12050 -51500.0 1
33500.0 12050 -51500.0 1
33500.0 12050 -51500.0 1
29200.0 12050 -51500.0 1
24900.0 12050 -51500.0 1
20600.0 12050 -51500.0 1
16300.0 12050 -51500.0 1
12000.0 12050 -51500.0 1
7700.0 12050 -51500.0 1
3400.0 12050 -51500.0 1
3400.0 12050 -51500.0 1
7700.0 12050 -51500.0 1
12000.0 12050 -51500.0 1
16300.0 12050 -51500.0 1
20600.0 12050 -51500.0 1
24900.0 12050 -51500.0 1
29200.0 12050 -51500.0 1
33500.0 12050 -51500.0 1
33500.0 12050 -51500.0 1
29200.0 12050 -51500.0 1
24900.0 12050 -51500.0 1
20600.0 12050 -51500.0 1
16300.0 12050 -51500.0 1
12000.0 12050 -51500.0 1
7700.0 12050 -51500.0 1
3400.0 12050 -51500.0 1
3400.0 12050 -51500.0 1
7700.0 12050 -51500.0 1
12000.0 12050 -51500.0 1
16300.0 12050 -51500.0 1
20600.0 12050 -51500.0 1
24900.0 12050 -51500.0 1
29200.0 12050 -51500.0 1
33500.0 12050 -51500.0 1
33500.0 12050 -51500.0 1
29200.0 12050 -51500.0 1
24900.0 12050 -51500.0 1
20600.0 12050 -51500.0 1
16300.0 12050 -51500.0 1
12000.0 12050 -51500.0 1
7700.0 12050 -51500.0 1
3400.0 12050 -51500.0 1
3400.0 50 -34500.0 1
7700.0 50 -34500.0 1
12000.0 50 -34500.0 1
16300.0 50 -34500.0 1
20600.0 50 -34500.0 1
24900.0 50 -34500.0 1
29200.0 50 -34500.0 1
33500.0 50 -34500.0 1
33500.0 50 -34500.0 1
29200.0 50 -34500.0 1
24900.0 50 -34500.0 1
20600.0 50 -34500.0 1
16300.0 50 -34500.0 1
12000.0 50 -34500.0 1
7700.0 50 -34500.0 1
3400.0 50 -34500.0 1
3400.0 50 -34500.0 1
7700.0 50 -34500.0 1
12000.0 50 -34500.0 1
16300.0 50 -34500.0 1
20600.0 50 -34500.0 1
24900.0 50 -34500.0 1
29200.0 50 -34500.0 1
33500.0 50 -34500.0 1
33500.0 50 -34500.0 1
29200.0 50 -34500.0 1
24900.0 50 -34500.0 1
20600.0 50 -34500.0 1
16300.0 50 -34500.0 1
12000.0 50 -34500.0 1
7700.0 50 -34500.0 1
3400.0 50 -34500.0 1
3400.0 50 -34500.0 1
7700.0 50 -34500.0 1
12000.0 50 -34500.0 1
16300.0 50 -34500.0 1
20600.0 50 -34500.0 1
24900.0 50 -34500.0 1
29200.0 50 -34500.0 1
33500.0 50 -34500.0 1
33500.0 50 -34500.0 1
29200.0 50 -34500.0 1
24900.0 50 -34500.0 1
20600.0 50 -34500.0 1
16300.0 50 -34500.0 1
12000.0 50 -34500.0 1
7700.0 50 -34500.0 1
3400.0 50 -34500.0 1
3400.0 50 -34500.0 1
7700.0 50 -34500.0 1
12000.0 50 -34500.0 1
16300.0 50 -34500.0 1
20600.0 50 -34500.0 1
24900.0 50 -34500.0 1
29200.0 50 -34500.0 1
33500.0 50 -34500.0 1
33500.0 50 -34500.0 1
29200.0 50 -34500.0 1
24900.0 50 -34500.0 1
20600.0 50 -34500.0 1
16300.0 50 -34500.0 1
12000.0 50 -34500.0 1
7700.0 50 -34500.0 1
3400.0 50 -34500.0 1
3400.0 50 -34500.0 1
7700.0 50 -34500.0 1
12000.0 50 -34500.0 1
16300.0 50 -34500.0 1
20600.0 50 -34500.0 1
24900.0 50 -34500.0 1
29200.0 50 -34500.0 1
33500.0 50 -34500.0 1
33500.0 50 -34500.0 1
29200.0 50 -34500.0 1
24900.0 50 -34500.0 1
20600.0 50 -34500.0 1
16300.0 50 -34500.0 1
12000.0 50 -34500.0 1
7700.0 50 -34500.0 1
3400.0 50 -34500.0 1
3400.0 50 -34500.0 1
7700.0 50 -34500.0 1
12000.0 50 -34500.0 1
16300.0 50 -34500.0 1
20600.0 50 -34500.0 1
24900.0 50 -34500.0 1
29200.0 50 -34500.0 1
33500.0 50 -34500.0 1
33500.0 50 -34500.0 1
29200.0 50 -34500.0 1
24900.0 50 -34500.0 1
20600.0 50 -34500.0 1
16300.0 50 -34500.0 1
12000.0 50 -34500.0 1
7700.0 50 -34500.0 1
3400.0 50 -34500.0 1
3400.0 50 -34500.0 1
7700.0 50 -34500.0 1
12000.0 50 -34500.0 1
16300.0 50 -34500.0 1
20600.0 50 -34500.0 1
24900.0 50 -34500.0 1
29200.0 50 -34500.0 1
33500.0 50 -34500.0 1
33500.0 50 -34500.0 1
29200.0 50 -34500.0 1
24900.0 50 -34500.0 1
20600.0 50 -34500.0 1
16300.0 50 -34500.0 1
12000.0 50 -34500.0 1
7700.0 50 -34500.0 1
3400.0 50 -34500.0 1
3400.0 50 -34500.0 1
7700.0 50 -34500.0 1
12000.0 50 -34500.0 1
16300.0 50 -34500.0 1
20600.0 50 -34500.0 1
24900.0 50 -34500.0 1
29200.0 50 -34500.0 1
33500.0 50 -34500.0 1
33500.0 50 -34500.0 1
29200.0 50 -34500.0 1
24900.0 50 -34500.0 1
20600.0 50 -34500.0 1
16300.0 50 -34500.0 1
12000.0 50 -34500.0 1
7700.0 50 -34500.0 1
3400.0 50 -34500.0 1
3400.0 4050 -34500.0 1
7700.0 4050 -34500.0 1
12000.0 4050 -34500.0 1
16300.0 4050 -34500.0 1
20600.0 4050 -34500.0 1
24900.0 4050 -34500.0 1
29200.0 4050 -34500.0 1
33500.0 4050 -34500.0 1
33500.0 4050 -34500.0 1
29200.0 4050 -34500.0 1
24900.0 4050 -34500.0 1
20600.0 4050 -34500.0 1
16300.0 4050 -34500.0 1
12000.0 4050 -34500.0 1
7700.0 4050 -34500.0 1
3400.0 4050 -34500.0 1
3400.0 4050 -34500.0 1
7700.0 4050 -34500.0 1
12000.0 4050 -34500.0 1
16300.0 4050 -34500.0 1
20600.0 4050 -34500.0 1
24900.0 4050 -34500.0 1
29200.0 4050 -34500.0 1
33500.0 4050 -34500.0 1
33500.0 4050 -34500.0 1
29200.0 4050 -34500.0 1
24900.0 4050 -34500.0 1
20600.0 4050 -34500.0 1
16300.0 4050 -34500.0 1
12000.0 4050 -34500.0 1
7700.0 4050 -34500.0 1
3400.0 4050 -34500.0 1
3400.0 4050 -34500.0 1
7700.0 4050 -34500.0 1
12000.0 4050 -34500.0 1
16300.0 4050 -34500.0 1
20600.0 4050 -34500.0 1
24900.0 4050 -34500.0 1
29200.0 4050 -34500.0 1
33500.0 4050 -34500.0 1
33500.0 4050 -34500.0 1
29200.0 4050 -34500.0 1
24900.0 4050 -34500.0 1
20600.0 4050 -34500.0 1
16300.0 4050 -34500.0 1
12000.0 4050 -34500.0 1
7700.0 4050 -34500.0 1
3400.0 4050 -34500.0 1
3400.0 4050 -34500.0 1
7700.0 4050 -34500.0 1
12000.0 4050 -34500.0 1
16300.0 4050 -34500.0 1
20600.0 4050 -34500.0 1
24900.0 4050 -34500.0 1
29200.0 4050 -34500.0 1
33500.0 4050 -34500.0 1
33500.0 4050 -34500.0 1
29200.0 4050 -34500.0 1
24900.0 4050 -34500.0 1
20600.0 4050 -34500.0 1
16300.0 4050 -34500.0 1
12000.0 4050 -34500.0 1
7700.0 4050 -34500.0 1
3400.0 4050 -34500.0 1
3400.0 4050 -34500.0 1
7700.0 4050 -34500.0 1
12000.0 4050 -34500.0 1
16300.0 4050 -34500.0 1
20600.0 4050 -34500.0 1
24900.0 4050 -34500.0 1
29200.0 4050 -34500.0 1
33500.0 4050 -34500.0 1
33500.0 4050 -34500.0 1
29200.0 4050 -34500.0 1
24900.0 4050 -34500.0 1
20600.0 4050 -34500.0 1
16300.0 4050 -34500.0 1
12000.0 4050 -34500.0 1
7700.0 4050 -34500.0 1
3400.0 4050 -34500.0 1
3400.0 4050 -34500.0 1
7700.0 4050 -34500.0 1
12000.0 4050 -34500.0 1
16300.0 4050 -34500.0 1
20600.0 4050 -34500.0 1
24900.0 4050 -34500.0 1
29200.0 4050 -34500.0 1
33500.0 4050 -34500.0 1
33500.0 4050 -34500.0 1
29200.0 4050 -34500.0 1
24900.0 4050 -34500.0 1
20600.0 4050 -34500.0 1
16300.0 4050 -34500.0 1
12000.0 4050 -34500.0 1
7700.0 4050 -34500.0 1
3400.0 4050 -34500.0 1
3400.0 4050 -34500.0 1
7700.0 4050 -34500.0 1
12000.0 4050 -34500.0 1
16300.0 4050 -34500.0 1
20600.0 4050 -34500.0 1
24900.0 4050 -34500.0 1
29200.0 4050 -34500.0 1
33500.0 4050 -34500.0 1
33500.0 4050 -34500.0 1
29200.0 4050 -34500.0 1
24900.0 4050 -34500.0 1
20600.0 4050 -34500.0 1
16300.0 4050 -34500.0 1
12000.0 4050 -34500.0 1
7700.0 4050 -34500.0 1
3400.0 4050 -34500.0 1
3400.0 4050 -34500.0 1
7700.0 4050 -34500.0 1
12000.0 4050 -34500.0 1
16300.0 4050 -34500.0 1
20600.0 4050 -34500.0 1
24900.0 4050 -34500.0 1
29200.0 4050 -34500.0 1
33500.0 4050 -34500.0 1
33500.0 4050 -34500.0 1
29200.0 4050 -34500.0 1
24900.0 4050 -34500.0 1
20600.0 4050 -34500.0 1
16300.0 4050 -34500.0 1
12000.0 4050 -34500.0 1
7700.0 4050 -34500.0 1
3400.0 4050 -34500.0 1
3400.0 8050 -34500.0 1
7700.0 8050 -34500.0 1
12000.0 8050 -34500.0 1
16300.0 8050 -34500.0 1
20600.0 8050 -34500.0 1
24900.0 8050 -34500.0 1
29200.0 8050 -34500.0 1
33500.0 8050 -34500.0 1
33500.0 8050 -34500.0 1
29200.0 8050 -34500.0 1
24900.0 8050 -34500.0 1
20600.0 8050 -34500.0 1
16300.0 8050 -34500.0 1
12000.0 8050 -34500.0 1
7700.0 8050 -34500.0 1
3400.0 8050 -34500.0 1
3400.0 8050 -34500.0 1
7700.0 8050 -34500.0 1
12000.0 8050 -34500.0 1
16300.0 8050 -34500.0 1
20600.0 8050 -34500.0 1
24900.0 8050 -34500.0 1
29200.0 8050 -34500.0 1
33500.0 8050 -34500.0 1
33500.0 8050 -34500.0 1
29200.0 8050 -34500.0 1
24900.0 8050 -34500.0 1
20600.0 8050 -34500.0 1
16300.0 8050 -34500.0 1
12000.0 8050 -34500.0 1
7700.0 8050 -34500.0 1
3400.0 8050 -34500.0 1
3400.0 8050 -34500.0 1
7700.0 8050 -34500.0 1
12000.0 8050 -34500.0 1
16300.0 8050 -34500.0 1
20600.0 8050 -34500.0 1
24900.0 8050 -34500.0 1
29200.0 8050 -34500.0 1
33500.0 8050 -34500.0 1
33500.0 8050 -34500.0 1
29200.0 8050 -34500.0 1
24900.0 8050 -34500.0 1
20600.0 8050 -34500.0 1
16300.0 8050 -34500.0 1
12000.0 8050 -34500.0 1
7700.0 8050 -34500.0 1
3400.0 8050 -34500.0 1
3400.0 8050 -34500.0 1
7700.0 8050 -34500.0 1
12000.0 8050 -34500.0 1
16300.0 8050 -34500.0 1
20600.0 8050 -34500.0 1
24900.0 8050 -34500.0 1
29200.0 8050 -34500.0 1
33500.0 8050 -34500.0 1
33500.0 8050 -34500.0 1
29200.0 8050 -34500.0 1
24900.0 8050 -34500.0 1
20600.0 8050 -34500.0 1
16300.0 8050 -34500.0 1
12000.0 8050 -34500.0 1
7700.0 8050 -34500.0 1
3400.0 8050 -34500.0 1
3400.0 8050 -34500.0 1
7700.0 8050 -34500.0 1
12000.0 8050 -34500.0 1
16300.0 8050 -34500.0 1
20600.0 8050 -34500.0 1
24900.0 8050 -34500.0 1
29200.0 8050 -34500.0 1
33500.0 8050 -34500.0 1
33500.0 8050 -34500.0 1
29200.0 8050 -34500.0 1
24900.0 8050 -34500.0 1
20600.0 8050 -34500.0 1
16300.0 8050 -34500.0 1
12000.0 8050 -34500.0 1
7700.0 8050 -34500.0 1
3400.0 8050 -34500.0 1
3400.0 8050 -34500.0 1
7700.0 8050 -34500.0 1
12000.0 8050 -34500.0 1
16300.0 8050 -34500.0 1
20600.0 8050 -34500.0 1
24900.0 8050 -34500.0 1
29200.0 8050 -34500.0 1
33500.0 8050 -34500.0 1
33500.0 8050 -34500.0 1
29200.0 8050 -34500.0 1
24900.0 8050 -34500.0 1
20600.0 8050 -34500.0 1
16300.0 8050 -34500.0 1
12000.0 8050 -34500.0 1
7700.0 8050 -34500.0 1
3400.0 8050 -34500.0 1
3400.0 8050 -34500.0 1
7700.0 8050 -34500.0 1
12000.0 8050 -34500.0 1
16300.0 8050 -34500.0 1
20600.0 8050 -34500.0 1
24900.0 8050 -34500.0 1
29200.0 8050 -34500.0 1
33500.0 8050 -34500.0 1
33500.0 8050 -34500.0 1
29200.0 8050 -34500.0 1
24900.0 8050 -34500.0 1
20600.0 8050 -34500.0 1
16300.0 8050 -34500.0 1
12000.0 8050 -34500.0 1
7700.0 8050 -34500.0 1
3400.0 8050 -34500.0 1
3400.0 8050 -34500.0 1
7700.0 8050 -34500.0 1
12000.0 8050 -34500.0 1
16300.0 8050 -34500.0 1
20600.0 8050 -34500.0 1
24900.0 8050 -34500.0 1
29200.0 8050 -34500.0 1
33500.0 8050 -34500.0 1
33500.0 8050 -34500.0 1
29200.0 8050 -34500.0 1
24900.0 8050 -34500.0 1
20600.0 8050 -34500.0 1
16300.0 8050 -34500.0 1
12000.0 8050 -34500.0 1
7700.0 8050 -34500.0 1
3400.0 8050 -34500.0 1
3400.0 12050 -34500.0 1
7700.0 12050 -34500.0 1
12000.0 12050 -34500.0 1
16300.0 12050 -34500.0 1
20600.0 12050 -34500.0 1
24900.0 12050 -34500.0 1
29200.0 12050 -34500.0 1
33500.0 12050 -34500.0 1
33500.0 12050 -34500.0 1
29200.0 12050 -34500.0 1
24900.0 12050 -34500.0 1
20600.0 12050 -34500.0 1
16300.0 12050 -34500.0 1
12000.0 12050 -34500.0 1
7700.0 12050 -34500.0 1
3400.0 12050 -34500.0 1
3400.0 12050 -34500.0 1
7700.0 12050 -34500.0 1
12000.0 12050 -34500.0 1
16300.0 12050 -34500.0 1
20600.0 12050 -34500.0 1
24900.0 12050 -34500.0 1
29200.0 12050 -34500.0 1
33500.0 12050 -34500.0 1
33500.0 12050 -34500.0 1
29200.0 12050 -34500.0 1
24900.0 12050 -34500.0 1
20600.0 12050 -34500.0 1
16300.0 12050 -34500.0 1
12000.0 12050 -34500.0 1
7700.0 12050 -34500.0 1
3400.0 12050 -34500.0 1
3400.0 12050 -34500.0 1
7700.0 12050 -34500.0 1
12000.0 12050 -34500.0 1
16300.0 12050 -34500.0 1
20600.0 12050 -34500.0 1
24900.0 12050 -34500.0 1
29200.0 12050 -34500.0 1
33500.0 12050 -34500.0 1
33500.0 12050 -34500.0 1
29200.0 12050 -34500.0 1
24900.0 12050 -34500.0 1
20600.0 12050 -34500.0 1
16300.0 12050 -34500.0 1
12000.0 12050 -34500.0 1
7700.0 12050 -34500.0 1
3400.0 12050 -34500.0 1
3400.0 12050 -34500.0 1
7700.0 12050 -34500.0 1
12000.0 12050 -34500.0 1
16300.0 12050 -34500.0 1
20600.0 12050 -34500.0 1
24900.0 12050 -34500.0 1
29200.0 12050 -34500.0 1
33500.0 12050 -34500.0 1
33500.0 12050 -34500.0 1
29200.0 12050 -34500.0 1
24900.0 12050 -34500.0 1
20600.0 12050 -34500.0 1
16300.0 12050 -34500.0 1
12000.0 12050 -34500.0 1
7700.0 12050 -34500.0 1
3400.0 12050 -34500.0 1
3400.0 12050 -34500.0 1
7700.0 12050 -34500.0 1
12000.0 12050 -34500.0 1
16300.0 12050 -34500.0 1
20600.0 12050 -34500.0 1
24900.0 12050 -34500.0 1
29200.0 12050 -34500.0 1
33500.0 12050 -34500.0 1
33500.0 12050 -34500.0 1
29200.0 12050 -34500.0 1
24900.0 12050 -34500.0 1
20600.0 12050 -34500.0 1
16300.0 12050 -34500.0 1
12000.0 12050 -34500.0 1
7700.0 12050 -34500.0 1
3400.0 12050 -34500.0 1
3400.0 12050 -34500.0 1
7700.0 12050 -34500.0 1
12000.0 12050 -34500.0 1
16300.0 12050 -34500.0 1
20600.0 12050 -34500.0 1
24900.0 12050 -34500.0 1
29200.0 12050 -34500.0 1
33500.0 12050 -34500.0 1
33500.0 12050 -34500.0 1
29200.0 12050 -34500.0 1
24900.0 12050 -34500.0 1
20600.0 12050 -34500.0 1
16300.0 12050 -34500.0 1
12000.0 12050 -34500.0 1
7700.0 12050 -34500.0 1
3400.0 12050 -34500.0 1
3400.0 12050 -34500.0 1
7700.0 12050 -34500.0 1
12000.0 12050 -34500.0 1
16300.0 12050 -34500.0 1
20600.0 12050 -34500.0 1
24900.0 12050 -34500.0 1
29200.0 12050 -34500.0 1
33500.0 12050 -34500.0 1
33500.0 12050 -34500.0 1
29200.0 12050 -34500.0 1
24900.0 12050 -34500.0 1
20600.0 12050 -34500.0 1
16300.0 12050 -34500.0 1
12000.0 12050 -34500.0 1
7700.0 12050 -34500.0 1
3400.0 12050 -34500.0 1
3400.0 12050 -34500.0 1
7700.0 12050 -34500.0 1
12000.0 12050 -34500.0 1
16300.0 12050 -34500.0 1
20600.0 12050 -34500.0 1
24900.0 12050 -34500.0 1
29200.0 12050 -34500.0 1
33500.0 12050 -34500.0 1
33500.0 12050 -34500.0 1
29200.0 12050 -34500.0 1
24900.0 12050 -34500.0 1
20600.0 12050 -34500.0 1
16300.0 12050 -34500.0 1
12000.0 12050 -34500.0 1
7700.0 12050 -34500.0 1
3400.0 12050 -34500.0 1
3400.0 50 -17500.0 1
7700.0 50 -17500.0 1
12000.0 50 -17500.0 1
16300.0 50 -17500.0 1
20600.0 50 -17500.0 1
24900.0 50 -17500.0 1
29200.0 50 -17500.0 1
33500.0 50 -17500.0 1
33500.0 50 -17500.0 1
29200.0 50 -17500.0 1
24900.0 50 -17500.0 1
20600.0 50 -17500.0 1
16300.0 50 -17500.0 1
12000.0 50 -17500.0 1
7700.0 50 -17500.0 1
3400.0 50 -17500.0 1
3400.0 50 -17500.0 1
7700.0 50 -17500.0 1
12000.0 50 -17500.0 1
16300.0 50 -17500.0 1
20600.0 50 -17500.0 1
24900.0 50 -17500.0 1
29200.0 50 -17500.0 1
33500.0 50 -17500.0 1
33500.0 50 -17500.0 1
29200.0 50 -17500.0 1
24900.0 50 -17500.0 1
20600.0 50 -17500.0 1
16300.0 50 -17500.0 1
12000.0 50 -17500.0 1
7700.0 50 -17500.0 1
3400.0 50 -17500.0 1
3400.0 50 -17500.0 1
7700.0 50 -17500.0 1
12000.0 50 -17500.0 1
16300.0 50 -17500.0 1
20600.0 50 -17500.0 1
24900.0 50 -17500.0 1
29200.0 50 -17500.0 1
33500.0 50 -17500.0 1
33500.0 50 -17500.0 1
29200.0 50 -17500.0 1
24900.0 50 -17500.0 1
20600.0 50 -17500.0 1
16300.0 50 -17500.0 1
12000.0 50 -17500.0 1
7700.0 50 -17500.0 1
3400.0 50 -17500.0 1
3400.0 50 -17500.0 1
7700.0 50 -17500.0 1
12000.0 50 -17500.0 1
16300.0 50 -17500.0 1
20600.0 50 -17500.0 1
24900.0 50 -17500.0 1
29200.0 50 -17500.0 1
33500.0 50 -17500.0 1
33500.0 50 -17500.0 1
29200.0 50 -17500.0 1
24900.0 50 -17500.0 1
20600.0 50 -17500.0 1
16300.0 50 -17500.0 1
12000.0 50 -17500.0 1
7700.0 50 -17500.0 1
3400.0 50 -17500.0 1
3400.0 50 -17500.0 1
7700.0 50 -17500.0 1
12000.0 50 -17500.0 1
16300.0 50 -17500.0 1
20600.0 50 -17500.0 1
24900.0 50 -17500.0 1
29200.0 50 -17500.0 1
33500.0 50 -17500.0 1
33500.0 50 -17500.0 1
29200.0 50 -17500.0 1
24900.0 50 -17500.0 1
20600.0 50 -17500.0 1
16300.0 50 -17500.0 1
12000.0 50 -17500.0 1
7700.0 50 -17500.0 1
3400.0 50 -17500.0 1
3400.0 50 -17500.0 1
7700.0 50 -17500.0 1
12000.0 50 -17500.0 1
16300.0 50 -17500.0 1
20600.0 50 -17500.0 1
24900.0 50 -17500.0 1
29200.0 50 -17500.0 1
33500.0 50 -17500.0 1
33500.0 50 -17500.0 1
29200.0 50 -17500.0 1
24900.0 50 -17500.0 1
20600.0 50 -17500.0 1
16300.0 50 -17500.0 1
12000.0 50 -17500.0 1
7700.0 50 -17500.0 1
3400.0 50 -17500.0 1
3400.0 50 -17500.0 1
7700.0 50 -17500.0 1
12000.0 50 -17500.0 1
16300.0 50 -17500.0 1
20600.0 50 -17500.0 1
24900.0 50 -17500.0 1
29200.0 50 -17500.0 1
33500.0 50 -17500.0 1
33500.0 50 -17500.0 1
29200.0 50 -17500.0 1
24900.0 50 -17500.0 1
20600.0 50 -17500.0 1
16300.0 50 -17500.0 1
12000.0 50 -17500.0 1
7700.0 50 -17500.0 1
3400.0 50 -17500.0 1
3400.0 50 -17500.0 1
7700.0 50 -17500.0 1
12000.0 50 -17500.0 1
16300.0 50 -17500.0 1
20600.0 50 -17500.0 1
24900.0 50 -17500.0 1
29200.0 50 -17500.0 1
33500.0 50 -17500.0 1
33500.0 50 -17500.0 1
29200.0 50 -17500.0 1
24900.0 50 -17500.0 1
20600.0 50 -17500.0 1
16300.0 50 -17500.0 1
12000.0 50 -17500.0 1
7700.0 50 -17500.0 1
3400.0 50 -17500.0 1
3400.0 4050 -17500.0 1
7700.0 4050 -17500.0 1
12000.0 4050 -17500.0 1
16300.0 4050 -17500.0 1
20600.0 4050 -17500.0 1
24900.0 4050 -17500.0 1
29200.0 4050 -17500.0 1
33500.0 4050 -17500.0 1
33500.0 4050 -17500.0 1
29200.0 4050 -17500.0 1
24900.0 4050 -17500.0 1
20600.0 4050 -17500.0 1
16300.0 4050 -17500.0 1
12000.0 4050 -17500.0 1
7700.0 4050 -17500.0 1
3400.0 4050 -17500.0 1
3400.0 4050 -17500.0 1
7700.0 4050 -17500.0 1
12000.0 4050 -17500.0 1
16300.0 4050 -17500.0 1
20600.0 4050 -17500.0 1
24900.0 4050 -17500.0 1
29200.0 4050 -17500.0 1
33500.0 4050 -17500.0 1
33500.0 4050 -17500.0 1
29200.0 4050 -17500.0 1
24900.0 4050 -17500.0 1
20600.0 4050 -17500.0 1
16300.0 4050 -17500.0 1
12000.0 4050 -17500.0 1
7700.0 4050 -17500.0 1
3400.0 4050 -17500.0 1
3400.0 4050 -17500.0 1
7700.0 4050 -17500.0 1
12000.0 4050 -17500.0 1
16300.0 4050 -17500.0 1
20600.0 4050 -17500.0 1
24900.0 4050 -17500.0 1
29200.0 4050 -17500.0 1
33500.0 4050 -17500.0 1
33500.0 4050 -17500.0 1
29200.0 4050 -17500.0 1
24900.0 4050 -17500.0 1
20600.0 4050 -17500.0 1
16300.0 4050 -17500.0 1
12000.0 4050 -17500.0 1
7700.0 4050 -17500.0 1
3400.0 4050 -17500.0 1
3400.0 4050 -17500.0 1
7700.0 4050 -17500.0 1
12000.0 4050 -17500.0 1
16300.0 4050 -17500.0 1
20600.0 4050 -17500.0 1
24900.0 4050 -17500.0 1
29200.0 4050 -17500.0 1
33500.0 4050 -17500.0 1
33500.0 4050 -17500.0 1
29200.0 4050 -17500.0 1
24900.0 4050 -17500.0 1
20600.0 4050 -17500.0 1
16300.0 4050 -17500.0 1
12000.0 4050 -17500.0 1
7700.0 4050 -17500.0 1
3400.0 4050 -17500.0 1
3400.0 4050 -17500.0 1
7700.0 4050 -17500.0 1
12000.0 4050 -17500.0 1
16300.0 4050 -17500.0 1
20600.0 4050 -17500.0 1
24900.0 4050 -17500.0 1
29200.0 4050 -17500.0 1
33500.0 4050 -17500.0 1
33500.0 4050 -17500.0 1
29200.0 4050 -17500.0 1
24900.0 4050 -17500.0 1
20600.0 4050 -17500.0 1
16300.0 4050 -17500.0 1
12000.0 4050 -17500.0 1
7700.0 4050 -17500.0 1
3400.0 4050 -17500.0 1
3400.0 4050 -17500.0 1
7700.0 4050 -17500.0 1
12000.0 4050 -17500.0 1
16300.0 4050 -17500.0 1
20600.0 4050 -17500.0 1
24900.0 4050 -17500.0 1
29200.0 4050 -17500.0 1
33500.0 4050 -17500.0 1
33500.0 4050 -17500.0 1
29200.0 4050 -17500.0 1
24900.0 4050 -17500.0 1
20600.0 4050 -17500.0 1
16300.0 4050 -17500.0 1
12000.0 4050 -17500.0 1
7700.0 4050 -17500.0 1
3400.0 4050 -17500.0 1
3400.0 4050 -17500.0 1
7700.0 4050 -17500.0 1
12000.0 4050 -17500.0 1
16300.0 4050 -17500.0 1
20600.0 4050 -17500.0 1
24900.0 4050 -17500.0 1
29200.0 4050 -17500.0 1
33500.0 4050 -17500.0 1
33500.0 4050 -17500.0 1
29200.0 4050 -17500.0 1
24900.0 4050 -17500.0 1
20600.0 4050 -17500.0 1
16300.0 4050 -17500.0 1
12000.0 4050 -17500.0 1
7700.0 4050 -17500.0 1
3400.0 4050 -17500.0 1
3400.0 4050 -17500.0 1
7700.0 4050 -17500.0 1
12000.0 4050 -17500.0 1
16300.0 4050 -17500.0 1
20600.0 4050 -17500.0 1
24900.0 4050 -17500.0 1
29200.0 4050 -17500.0 1
33500.0 4050 -17500.0 1
33500.0 4050 -17500.0 1
29200.0 4050 -17500.0 1
24900.0 4050 -17500.0 1
20600.0 4050 -17500.0 1
16300.0 4050 -17500.0 1
12000.0 4050 -17500.0 1
7700.0 4050 -17500.0 1
3400.0 4050 -17500.0 1
3400.0 8050 -17500.0 1
7700.0 8050 -17500.0 1
12000.0 8050 -17500.0 1
16300.0 8050 -17500.0 1
20600.0 8050 -17500.0 1
24900.0 8050 -17500.0 1
29200.0 8050 -17500.0 1
33500.0 8050 -17500.0 1
33500.0 8050 -17500.0 1
29200.0 8050 -17500.0 1
24900.0 8050 -17500.0 1
20600.0 8050 -17500.0 1
16300.0 8050 -17500.0 1
12000.0 8050 -17500.0 1
7700.0 8050 -17500.0 1
3400.0 8050 -17500.0 1
3400.0 8050 -17500.0 1
7700.0 8050 -17500.0 1
12000.0 8050 -17500.0 1
16300.0 8050 -17500.0 1
20600.0 8050 -17500.0 1
24900.0 8050 -17500.0 1
29200.0 8050 -17500.0 1
33500.0 8050 -17500.0 1
33500.0 8050 -17500.0 1
29200.0 8050 -17500.0 1
24900.0 8050 -17500.0 1
20600.0 8050 -17500.0 1
16300.0 8050 -17500.0 1
12000.0 8050 -17500.0 1
7700.0 8050 -17500.0 1
3400.0 8050 -17500.0 1
3400.0 8050 -17500.0 1
7700.0 8050 -17500.0 1
12000.0 8050 -17500.0 1
16300.0 8050 -17500.0 1
20600.0 8050 -17500.0 1
24900.0 8050 -17500.0 1
29200.0 8050 -17500.0 1
33500.0 8050 -17500.0 1
33500.0 8050 -17500.0 1
29200.0 8050 -17500.0 1
24900.0 8050 -17500.0 1
20600.0 8050 -17500.0 1
16300.0 8050 -17500.0 1
12000.0 8050 -17500.0 1
7700.0 8050 -17500.0 1
3400.0 8050 -17500.0 1
3400.0 8050 -17500.0 1
7700.0 8050 -17500.0 1
12000.0 8050 -17500.0 1
16300.0 8050 -17500.0 1
20600.0 8050 -17500.0 1
24900.0 8050 -17500.0 1
29200.0 8050 -17500.0 1
33500.0 8050 -17500.0 1
33500.0 8050 -17500.0 1
29200.0 8050 -17500.0 1
24900.0 8050 -17500.0 1
20600.0 8050 -17500.0 1
16300.0 8050 -17500.0 1
12000.0 8050 -17500.0 1
7700.0 8050 -17500.0 1
3400.0 8050 -17500.0 1
3400.0 8050 -17500.0 1
7700.0 8050 -17500.0 1
12000.0 8050 -17500.0 1
16300.0 8050 -17500.0 1
20600.0 8050 -17500.0 1
24900.0 8050 -17500.0 1
29200.0 8050 -17500.0 1
33500.0 8050 -17500.0 1
33500.0 8050 -17500.0 1
29200.0 8050 -17500.0 1
24900.0 8050 -17500.0 1
20600.0 8050 -17500.0 1
16300.0 8050 -17500.0 1
12000.0 8050 -17500.0 1
7700.0 8050 -17500.0 1
3400.0 8050 -17500.0 1
3400.0 8050 -17500.0 1
7700.0 8050 -17500.0 1
12000.0 8050 -17500.0 1
16300.0 8050 -17500.0 1
20600.0 8050 -17500.0 1
24900.0 8050 -17500.0 1
29200.0 8050 -17500.0 1
33500.0 8050 -17500.0 1
33500.0 8050 -17500.0 1
29200.0 8050 -17500.0 1
24900.0 8050 -17500.0 1
20600.0 8050 -17500.0 1
16300.0 8050 -17500.0 1
12000.0 8050 -17500.0 1
7700.0 8050 -17500.0 1
3400.0 8050 -17500.0 1
3400.0 8050 -17500.0 1
7700.0 8050 -17500.0 1
12000.0 8050 -17500.0 1
16300.0 8050 -17500.0 1
20600.0 8050 -17500.0 1
24900.0 8050 -17500.0 1
29200.0 8050 -17500.0 1
33500.0 8050 -17500.0 1
33500.0 8050 -17500.0 1
29200.0 8050 -17500.0 1
24900.0 8050 -17500.0 1
20600.0 8050 -17500.0 1
16300.0 8050 -17500.0 1
12000.0 8050 -17500.0 1
7700.0 8050 -17500.0 1
3400.0 8050 -17500.0 1
3400.0 8050 -17500.0 1
7700.0 8050 -17500.0 1
12000.0 8050 -17500.0 1
16300.0 8050 -17500.0 1
20600.0 8050 -17500.0 1
24900.0 8050 -17500.0 1
29200.0 8050 -17500.0 1
33500.0 8050 -17500.0 1
33500.0 8050 -17500.0 1
29200.0 8050 -17500.0 1
24900.0 8050 -17500.0 1
20600.0 8050 -17500.0 1
16300.0 8050 -17500.0 1
12000.0 8050 -17500.0 1
7700.0 8050 -17500.0 1
3400.0 8050 -17500.0 1
3400.0 12050 -17500.0 1
7700.0 12050 -17500.0 1
12000.0 12050 -17500.0 1
16300.0 12050 -17500.0 1
20600.0 12050 -17500.0 1
24900.0 12050 -17500.0 1
29200.0 12050 -17500.0 1
33500.0 12050 -17500.0 1
33500.0 12050 -17500.0 1
29200.0 12050 -17500.0 1
24900.0 12050 -17500.0 1
20600.0 12050 -17500.0 1
16300.0 12050 -17500.0 1
12000.0 12050 -17500.0 1
7700.0 12050 -17500.0 1
3400.0 12050 -17500.0 1
3400.0 12050 -17500.0 1
7700.0 12050 -17500.0 1
12000.0 12050 -17500.0 1
16300.0 12050 -17500.0 1
20600.0 12050 -17500.0 1
24900.0 12050 -17500.0 1
29200.0 12050 -17500.0 1
33500.0 12050 -17500.0 1
33500.0 12050 -17500.0 1
29200.0 12050 -17500.0 1
24900.0 12050 -17500.0 1
20600.0 12050 -17500.0 1
16300.0 12050 -17500.0 1
12000.0 12050 -17500.0 1
7700.0 12050 -17500.0 1
3400.0 12050 -17500.0 1
3400.0 12050 -17500.0 1
7700.0 12050 -17500.0 1
12000.0 12050 -17500.0 1
16300.0 12050 -17500.0 1
20600.0 12050 -17500.0 1
24900.0 12050 -17500.0 1
29200.0 12050 -17500.0 1
33500.0 12050 -17500.0 1
33500.0 12050 -17500.0 1
29200.0 12050 -17500.0 1
24900.0 12050 -17500.0 1
20600.0 12050 -17500.0 1
16300.0 12050 -17500.0 1
12000.0 12050 -17500.0 1
7700.0 12050 -17500.0 1
3400.0 12050 -17500.0 1
3400.0 12050 -17500.0 1
7700.0 12050 -17500.0 1
12000.0 12050 -17500.0 1
16300.0 12050 -17500.0 1
20600.0 12050 -17500.0 1
24900.0 12050 -17500.0 1
29200.0 12050 -17500.0 1
33500.0 12050 -17500.0 1
33500.0 12050 -17500.0 1
29200.0 12050 -17500.0 1
24900.0 12050 -17500.0 1
20600.0 12050 -17500.0 1
16300.0 12050 -17500.0 1
12000.0 12050 -17500.0 1
7700.0 12050 -17500.0 1
3400.0 12050 -17500.0 1
3400.0 12050 -17500.0 1
7700.0 12050 -17500.0 1
12000.0 12050 -17500.0 1
16300.0 12050 -17500.0 1
20600.0 12050 -17500.0 1
24900.0 12050 -17500.0 1
29200.0 12050 -17500.0 1
33500.0 12050 -17500.0 1
33500.0 12050 -17500.0 1
29200.0 12050 -17500.0 1
24900.0 12050 -17500.0 1
20600.0 12050 -17500.0 1
16300.0 12050 -17500.0 1
12000.0 12050 -17500.0 1
7700.0 12050 -17500.0 1
3400.0 12050 -17500.0 1
3400.0 12050 -17500.0 1
7700.0 12050 -17500.0 1
12000.0 12050 -17500.0 1
16300.0 12050 -17500.0 1
20600.0 12050 -17500.0 1
24900.0 12050 -17500.0 1
29200.0 12050 -17500.0 1
33500.0 12050 -17500.0 1
33500.0 12050 -17500.0 1
29200.0 12050 -17500.0 1
24900.0 12050 -17500.0 1
20600.0 12050 -17500.0 1
16300.0 12050 -17500.0 1
12000.0 12050 -17500.0 1
7700.0 12050 -17500.0 1
3400.0 12050 -17500.0 1
3400.0 12050 -17500.0 1
7700.0 12050 -17500.0 1
12000.0 12050 -17500.0 1
16300.0 12050 -17500.0 1
20600.0 12050 -17500.0 1
24900.0 12050 -17500.0 1
29200.0 12050 -17500.0 1
33500.0 12050 -17500.0 1
33500.0 12050 -17500.0 1
29200.0 12050 -17500.0 1
24900.0 12050 -17500.0 1
20600.0 12050 -17500.0 1
16300.0 12050 -17500.0 1
12000.0 12050 -17500.0 1
7700.0 12050 -17500.0 1
3400.0 12050 -17500.0 1
3400.0 12050 -17500.0 1
7700.0 12050 -17500.0 1
12000.0 12050 -17500.0 1
16300.0 12050 -17500.0 1
20600.0 12050 -17500.0 1
24900.0 12050 -17500.0 1
29200.0 12050 -17500.0 1
33500.0 12050 -17500.0 1
33500.0 12050 -17500.0 1
29200.0 12050 -17500.0 1
24900.0 12050 -17500.0 1
20600.0 12050 -17500.0 1
16300.0 12050 -17500.0 1
12000.0 12050 -17500.0 1
7700.0 12050 -17500.0 1
3400.0 12050 -17500.0 1
3400.0 12050 -17500.0 0