-1500 -200 -5000.0 1
1500 -200 -5000.0 1
4500 -200 -5000.0 1
7500 -200 -5000.0 1
10500 -200 -5000.0 1
13500 -200 -5000.0 1
16500 -200 -5000.0 1
19500 -200 -5000.0 1
16500 -200 -5000.0 1
13500 -200 -5000.0 1
10500 -200 -5000.0 1
7500 -200 -5000.0 1
4500 -200 -5000.0 1
1500 -200 -5000.0 1
-1500 -200 -5000.0 1
1500 -200 -5000.0 1
4500 -200 -5000.0 1
7500 -200 -5000.0 1
10500 -200 -5000.0 1
13500 -200 -5000.0 1
16500 -200 -5000.0 1
19500 -200 -5000.0 1
16500 -200 -5000.0 1
13500 -200 -5000.0 1
10500 -200 -5000.0 1
7500 -200 -5000.0 1
4500 -200 -5000.0 1
1500 -200 -5000.0 1
-1500 -200 -5000.0 1
1500 -200 -5000.0 1
4500 -200 -5000.0 1
7500 -200 -5000.0 1
10500 -200 -5000.0 1
13500 -200 -5000.0 1
16500 -200 -5000.0 1
19500 -200 -5000.0 1
16500 -200 -5000.0 1
13500 -200 -5000.0 1
10500 -200 -5000.0 1
7500 -200 -5000.0 1
4500 -200 -5000.0 1
1500 -200 -5000.0 1
-1500 -200 -5000.0 1
1500 -200 -5000.0 1
4500 -200 -5000.0 1
7500 -200 -5000.0 1
10500 -200 -5000.0 1
13500 -200 -5000.0 1
16500 -200 -5000.0 1
19500 -200 -5000.0 1
16500 -200 -5000.0 1
13500 -200 -5000.0 1
10500 -200 -5000.0 1
7500 -200 -5000.0 1
4500 -200 -5000.0 1
1500 -200 -5000.0 1
-1500 -200 -5000.0 1
1500 -200 -5000.0 1
4500 -200 -5000.0 1
7500 -200 -5000.0 1
10500 -200 -5000.0 1
13500 -200 -5000.0 1
16500 -200 -5000.0 1
19500 -200 -5000.0 1
16500 -200 -5000.0 1
13500 -200 -5000.0 1
10500 -200 -5000.0 1
7500 -200 -5000.0 1
4500 -200 -5000.0 1
1500 -200 -5000.0 1
-1500 -200 -5000.0 1
1500 -200 -5000.0 1
4500 -200 -5000.0 1
7500 -200 -5000.0 1
10500 -200 -5000.0 1
13500 -200 -5000.0 1
16500 -200 -5000.0 1
19500 -200 -5000.0 1
16500 -200 -5000.0 1
13500 -200 -5000.0 1
10500 -200 -5000.0 1
7500 -200 -5000.0 1
4500 -200 -5000.0 1
1500 -200 -5000.0 1
-1500 -200 -5000.0 1
1500 -200 -5000.0 1
4500 -200 -5000.0 1
7500 -200 -5000.0 1
10500 -200 -5000.0 1
13500 -200 -5000.0 1
16500 -200 -5000.0 1
19500 -200 -5000.0 1
16500 -200 -5000.0 1
13500 -200 -5000.0 1
10500 -200 -5000.0 1
7500 -200 -5000.0 1
4500 -200 -5000.0 1
1500 -200 -5000.0 1
-1500 -200 -5000.0 1
1500 -200 -5000.0 1
4500 -200 -5000.0 1
7500 -200 -5000.0 1
10500 -200 -5000.0 1
13500 -200 -5000.0 1
16500 -200 -5000.0 1
19500 -200 -5000.0 1
16500 -200 -5000.0 1
13500 -200 -5000.0 1
10500 -200 -5000.0 1
7500 -200 -5000.0 1
4500 -200 -5000.0 1
1500 -200 -5000.0 1
-1500 -200 -5000.0 1
1500 -200 -5000.0 1
4500 -200 -5000.0 1
7500 -200 -5000.0 1
10500 -200 -5000.0 1
13500 -200 -5000.0 1
16500 -200 -5000.0 1
19500 -200 -5000.0 1
19500 -200 -5000.0 1
16500 -200 -5000.0 1
13500 -200 -5000.0 1
10500 -200 -5000.0 1
7500 -200 -5000.0 1
4500 -200 -5000.0 1
1500 -200 -5000.0 1
-1500 -200 -5000.0 1
-1500 3900 -5000.0 1
1500 3900 -5000.0 1
4500 3900 -5000.0 1
7500 3900 -5000.0 1
10500 3900 -5000.0 1
13500 3900 -5000.0 1
16500 3900 -5000.0 1
19500 3900 -5000.0 1
16500 3900 -5000.0 1
13500 3900 -5000.0 1
10500 3900 -5000.0 1
7500 3900 -5000.0 1
4500 3900 -5000.0 1
1500 3900 -5000.0 1
-1500 3900 -5000.0 1
1500 3900 -5000.0 1
4500 3900 -5000.0 1
7500 3900 -5000.0 1
10500 3900 -5000.0 1
13500 3900 -5000.0 1
16500 3900 -5000.0 1
19500 3900 -5000.0 1
16500 3900 -5000.0 1
13500 3900 -5000.0 1
10500 3900 -5000.0 1
7500 3900 -5000.0 1
4500 3900 -5000.0 1
1500 3900 -5000.0 1
-1500 3900 -5000.0 1
1500 3900 -5000.0 1
4500 3900 -5000.0 1
7500 3900 -5000.0 1
10500 3900 -5000.0 1
13500 3900 -5000.0 1
16500 3900 -5000.0 1
19500 3900 -5000.0 1
16500 3900 -5000.0 1
13500 3900 -5000.0 1
10500 3900 -5000.0 1
7500 3900 -5000.0 1
4500 3900 -5000.0 1
1500 3900 -5000.0 1
-1500 3900 -5000.0 1
1500 3900 -5000.0 1
4500 3900 -5000.0 1
7500 3900 -5000.0 1
10500 3900 -5000.0 1
13500 3900 -5000.0 1
16500 3900 -5000.0 1
19500 3900 -5000.0 1
16500 3900 -5000.0 1
13500 3900 -5000.0 1
10500 3900 -5000.0 1
7500 3900 -5000.0 1
4500 3900 -5000.0 1
1500 3900 -5000.0 1
-1500 3900 -5000.0 1
1500 3900 -5000.0 1
4500 3900 -5000.0 1
7500 3900 -5000.0 1
10500 3900 -5000.0 1
13500 3900 -5000.0 1
16500 3900 -5000.0 1
19500 3900 -5000.0 1
16500 3900 -5000.0 1
13500 3900 -5000.0 1
10500 3900 -5000.0 1
7500 3900 -5000.0 1
4500 3900 -5000.0 1
1500 3900 -5000.0 1
-1500 3900 -5000.0 1
1500 3900 -5000.0 1
4500 3900 -5000.0 1
7500 3900 -5000.0 1
10500 3900 -5000.0 1
13500 3900 -5000.0 1
16500 3900 -5000.0 1
19500 3900 -5000.0 1
16500 3900 -5000.0 1
13500 3900 -5000.0 1
10500 3900 -5000.0 1
7500 3900 -5000.0 1
4500 3900 -5000.0 1
1500 3900 -5000.0 1
-1500 3900 -5000.0 1
1500 3900 -5000.0 1
4500 3900 -5000.0 1
7500 3900 -5000.0 1
10500 3900 -5000.0 1
13500 3900 -5000.0 1
16500 3900 -5000.0 1
19500 3900 -5000.0 1
16500 3900 -5000.0 1
13500 3900 -5000.0 1
10500 3900 -5000.0 1
7500 3900 -5000.0 1
4500 3900 -5000.0 1
1500 3900 -5000.0 1
-1500 3900 -5000.0 1
1500 3900 -5000.0 1
4500 3900 -5000.0 1
7500 3900 -5000.0 1
10500 3900 -5000.0 1
13500 3900 -5000.0 1
16500 3900 -5000.0 1
19500 3900 -5000.0 1
16500 3900 -5000.0 1
13500 3900 -5000.0 1
10500 3900 -5000.0 1
7500 3900 -5000.0 1
4500 3900 -5000.0 1
1500 3900 -5000.0 1
-1500 3900 -5000.0 1
1500 3900 -5000.0 1
4500 3900 -5000.0 1
7500 3900 -5000.0 1
10500 3900 -5000.0 1
13500 3900 -5000.0 1
16500 3900 -5000.0 1
19500 3900 -5000.0 1
19500 3900 -5000.0 1
16500 3900 -5000.0 1
13500 3900 -5000.0 1
10500 3900 -5000.0 1
7500 3900 -5000.0 1
4500 3900 -5000.0 1
1500 3900 -5000.0 1
-1500 3900 -5000.0 1
-1500 7900 -5000.0 1
1500 7900 -5000.0 1
4500 7900 -5000.0 1
7500 7900 -5000.0 1
10500 7900 -5000.0 1
13500 7900 -5000.0 1
16500 7900 -5000.0 1
19500 7900 -5000.0 1
16500 7900 -5000.0 1
13500 7900 -5000.0 1
10500 7900 -5000.0 1
7500 7900 -5000.0 1
4500 7900 -5000.0 1
1500 7900 -5000.0 1
-1500 7900 -5000.0 1
1500 7900 -5000.0 1
4500 7900 -5000.0 1
7500 7900 -5000.0 1
10500 7900 -5000.0 1
13500 7900 -5000.0 1
16500 7900 -5000.0 1
19500 7900 -5000.0 1
16500 7900 -5000.0 1
13500 7900 -5000.0 1
10500 7900 -5000.0 1
7500 7900 -5000.0 1
4500 7900 -5000.0 1
1500 7900 -5000.0 1
-1500 7900 -5000.0 1
1500 7900 -5000.0 1
4500 7900 -5000.0 1
7500 7900 -5000.0 1
10500 7900 -5000.0 1
13500 7900 -5000.0 1
16500 7900 -5000.0 1
19500 7900 -5000.0 1
16500 7900 -5000.0 1
13500 7900 -5000.0 1
10500 7900 -5000.0 1
7500 7900 -5000.0 1
4500 7900 -5000.0 1
1500 7900 -5000.0 1
-1500 7900 -5000.0 1
1500 7900 -5000.0 1
4500 7900 -5000.0 1
7500 7900 -5000.0 1
10500 7900 -5000.0 1
13500 7900 -5000.0 1
16500 7900 -5000.0 1
19500 7900 -5000.0 1
16500 7900 -5000.0 1
13500 7900 -5000.0 1
10500 7900 -5000.0 1
7500 7900 -5000.0 1
4500 7900 -5000.0 1
1500 7900 -5000.0 1
-1500 7900 -5000.0 1
1500 7900 -5000.0 1
4500 7900 -5000.0 1
7500 7900 -5000.0 1
10500 7900 -5000.0 1
13500 7900 -5000.0 1
16500 7900 -5000.0 1
19500 7900 -5000.0 1
16500 7900 -5000.0 1
13500 7900 -5000.0 1
10500 7900 -5000.0 1
7500 7900 -5000.0 1
4500 7900 -5000.0 1
1500 7900 -5000.0 1
-1500 7900 -5000.0 1
1500 7900 -5000.0 1
4500 7900 -5000.0 1
7500 7900 -5000.0 1
10500 7900 -5000.0 1
13500 7900 -5000.0 1
16500 7900 -5000.0 1
19500 7900 -5000.0 1
16500 7900 -5000.0 1
13500 7900 -5000.0 1
10500 7900 -5000.0 1
7500 7900 -5000.0 1
4500 7900 -5000.0 1
1500 7900 -5000.0 1
-1500 7900 -5000.0 1
1500 7900 -5000.0 1
4500 7900 -5000.0 1
7500 7900 -5000.0 1
10500 7900 -5000.0 1
13500 7900 -5000.0 1
16500 7900 -5000.0 1
19500 7900 -5000.0 1
16500 7900 -5000.0 1
13500 7900 -5000.0 1
10500 7900 -5000.0 1
7500 7900 -5000.0 1
4500 7900 -5000.0 1
1500 7900 -5000.0 1
-1500 7900 -5000.0 1
1500 7900 -5000.0 1
4500 7900 -5000.0 1
7500 7900 -5000.0 1
10500 7900 -5000.0 1
13500 7900 -5000.0 1
16500 7900 -5000.0 1
19500 7900 -5000.0 1
16500 7900 -5000.0 1
13500 7900 -5000.0 1
10500 7900 -5000.0 1
7500 7900 -5000.0 1
4500 7900 -5000.0 1
1500 7900 -5000.0 1
-1500 7900 -5000.0 1
1500 7900 -5000.0 1
4500 7900 -5000.0 1
7500 7900 -5000.0 1
10500 7900 -5000.0 1
13500 7900 -5000.0 1
16500 7900 -5000.0 1
19500 7900 -5000.0 1
19500 7900 -5000.0 1
16500 7900 -5000.0 1
13500 7900 -5000.0 1
10500 7900 -5000.0 1
7500 7900 -5000.0 1
4500 7900 -5000.0 1
1500 7900 -5000.0 1
-1500 7900 -5000.0 1
-1500 -4300 -5000.0 1
1500 -4300 -5000.0 1
4500 -4300 -5000.0 1
7500 -4300 -5000.0 1
10500 -4300 -5000.0 1
13500 -4300 -5000.0 1
16500 -4300 -5000.0 1
19500 -4300 -5000.0 1
16500 -4300 -5000.0 1
13500 -4300 -5000.0 1
10500 -4300 -5000.0 1
7500 -4300 -5000.0 1
4500 -4300 -5000.0 1
1500 -4300 -5000.0 1
-1500 -4300 -5000.0 1
1500 -4300 -5000.0 1
4500 -4300 -5000.0 1
7500 -4300 -5000.0 1
10500 -4300 -5000.0 1
13500 -4300 -5000.0 1
16500 -4300 -5000.0 1
19500 -4300 -5000.0 1
16500 -4300 -5000.0 1
13500 -4300 -5000.0 1
10500 -4300 -5000.0 1
7500 -4300 -5000.0 1
4500 -4300 -5000.0 1
1500 -4300 -5000.0 1
-1500 -4300 -5000.0 1
1500 -4300 -5000.0 1
4500 -4300 -5000.0 1
7500 -4300 -5000.0 1
10500 -4300 -5000.0 1
13500 -4300 -5000.0 1
16500 -4300 -5000.0 1
19500 -4300 -5000.0 1
16500 -4300 -5000.0 1
13500 -4300 -5000.0 1
10500 -4300 -5000.0 1
7500 -4300 -5000.0 1
4500 -4300 -5000.0 1
1500 -4300 -5000.0 1
-1500 -4300 -5000.0 1
1500 -4300 -5000.0 1
4500 -4300 -5000.0 1
7500 -4300 -5000.0 1
10500 -4300 -5000.0 1
13500 -4300 -5000.0 1
16500 -4300 -5000.0 1
19500 -4300 -5000.0 1
16500 -4300 -5000.0 1
13500 -4300 -5000.0 1
10500 -4300 -5000.0 1
7500 -4300 -5000.0 1
4500 -4300 -5000.0 1
1500 -4300 -5000.0 1
-1500 -4300 -5000.0 1
1500 -4300 -5000.0 1
4500 -4300 -5000.0 1
7500 -4300 -5000.0 1
10500 -4300 -5000.0 1
13500 -4300 -5000.0 1
16500 -4300 -5000.0 1
19500 -4300 -5000.0 1
16500 -4300 -5000.0 1
13500 -4300 -5000.0 1
10500 -4300 -5000.0 1
7500 -4300 -5000.0 1
4500 -4300 -5000.0 1
1500 -4300 -5000.0 1
-1500 -4300 -5000.0 1
1500 -4300 -5000.0 1
4500 -4300 -5000.0 1
7500 -4300 -5000.0 1
10500 -4300 -5000.0 1
13500 -4300 -5000.0 1
16500 -4300 -5000.0 1
19500 -4300 -5000.0 1
16500 -4300 -5000.0 1
13500 -4300 -5000.0 1
10500 -4300 -5000.0 1
7500 -4300 -5000.0 1
4500 -4300 -5000.0 1
1500 -4300 -5000.0 1
-1500 -4300 -5000.0 1
1500 -4300 -5000.0 1
4500 -4300 -5000.0 1
7500 -4300 -5000.0 1
10500 -4300 -5000.0 1
13500 -4300 -5000.0 1
16500 -4300 -5000.0 1
19500 -4300 -5000.0 1
16500 -4300 -5000.0 1
13500 -4300 -5000.0 1
10500 -4300 -5000.0 1
7500 -4300 -5000.0 1
4500 -4300 -5000.0 1
1500 -4300 -5000.0 1
-1500 -4300 -5000.0 1
1500 -4300 -5000.0 1
4500 -4300 -5000.0 1
7500 -4300 -5000.0 1
10500 -4300 -5000.0 1
13500 -4300 -5000.0 1
16500 -4300 -5000.0 1
19500 -4300 -5000.0 1
16500 -4300 -5000.0 1
13500 -4300 -5000.0 1
10500 -4300 -5000.0 1
7500 -4300 -5000.0 1
4500 -4300 -5000.0 1
1500 -4300 -5000.0 1
-1500 -4300 -5000.0 1
1500 -4300 -5000.0 1
4500 -4300 -5000.0 1
7500 -4300 -5000.0 1
10500 -4300 -5000.0 1
13500 -4300 -5000.0 1
16500 -4300 -5000.0 1
19500 -4300 -5000.0 1
19500 -4300 -5000.0 1
16500 -4300 -5000.0 1
13500 -4300 -5000.0 1
10500 -4300 -5000.0 1
7500 -4300 -5000.0 1
4500 -4300 -5000.0 1
1500 -4300 -5000.0 1
-1500 -4300 -5000.0 1
-1500 -200 12000.0 1
1500 -200 12000.0 1
4500 -200 12000.0 1
7500 -200 12000.0 1
10500 -200 12000.0 1
13500 -200 12000.0 1
16500 -200 12000.0 1
19500 -200 12000.0 1
16500 -200 12000.0 1
13500 -200 12000.0 1
10500 -200 12000.0 1
7500 -200 12000.0 1
4500 -200 12000.0 1
1500 -200 12000.0 1
-1500 -200 12000.0 1
1500 -200 12000.0 1
4500 -200 12000.0 1
7500 -200 12000.0 1
10500 -200 12000.0 1
13500 -200 12000.0 1
16500 -200 12000.0 1
19500 -200 12000.0 1
16500 -200 12000.0 1
13500 -200 12000.0 1
10500 -200 12000.0 1
7500 -200 12000.0 1
4500 -200 12000.0 1
1500 -200 12000.0 1
-1500 -200 12000.0 1
1500 -200 12000.0 1
4500 -200 12000.0 1
7500 -200 12000.0 1
10500 -200 12000.0 1
13500 -200 12000.0 1
16500 -200 12000.0 1
19500 -200 12000.0 1
16500 -200 12000.0 1
13500 -200 12000.0 1
10500 -200 12000.0 1
7500 -200 12000.0 1
4500 -200 12000.0 1
1500 -200 12000.0 1
-1500 -200 12000.0 1
1500 -200 12000.0 1
4500 -200 12000.0 1
7500 -200 12000.0 1
10500 -200 12000.0 1
13500 -200 12000.0 1
16500 -200 12000.0 1
19500 -200 12000.0 1
16500 -200 12000.0 1
13500 -200 12000.0 1
10500 -200 12000.0 1
7500 -200 12000.0 1
4500 -200 12000.0 1
1500 -200 12000.0 1
-1500 -200 12000.0 1
1500 -200 12000.0 1
4500 -200 12000.0 1
7500 -200 12000.0 1
10500 -200 12000.0 1
13500 -200 12000.0 1
16500 -200 12000.0 1
19500 -200 12000.0 1
16500 -200 12000.0 1
13500 -200 12000.0 1
10500 -200 12000.0 1
7500 -200 12000.0 1
4500 -200 12000.0 1
1500 -200 12000.0 1
-1500 -200 12000.0 1
1500 -200 12000.0 1
4500 -200 12000.0 1
7500 -200 12000.0 1
10500 -200 12000.0 1
13500 -200 12000.0 1
16500 -200 12000.0 1
19500 -200 12000.0 1
16500 -200 12000.0 1
13500 -200 12000.0 1
10500 -200 12000.0 1
7500 -200 12000.0 1
4500 -200 12000.0 1
1500 -200 12000.0 1
-1500 -200 12000.0 1
1500 -200 12000.0 1
4500 -200 12000.0 1
7500 -200 12000.0 1
10500 -200 12000.0 1
13500 -200 12000.0 1
16500 -200 12000.0 1
19500 -200 12000.0 1
16500 -200 12000.0 1
13500 -200 12000.0 1
10500 -200 12000.0 1
7500 -200 12000.0 1
4500 -200 12000.0 1
1500 -200 12000.0 1
-1500 -200 12000.0 1
1500 -200 12000.0 1
4500 -200 12000.0 1
7500 -200 12000.0 1
10500 -200 12000.0 1
13500 -200 12000.0 1
16500 -200 12000.0 1
19500 -200 12000.0 1
16500 -200 12000.0 1
13500 -200 12000.0 1
10500 -200 12000.0 1
7500 -200 12000.0 1
4500 -200 12000.0 1
1500 -200 12000.0 1
-1500 -200 12000.0 1
1500 -200 12000.0 1
4500 -200 12000.0 1
7500 -200 12000.0 1
10500 -200 12000.0 1
13500 -200 12000.0 1
16500 -200 12000.0 1
19500 -200 12000.0 1
19500 -200 12000.0 1
16500 -200 12000.0 1
13500 -200 12000.0 1
10500 -200 12000.0 1
7500 -200 12000.0 1
4500 -200 12000.0 1
1500 -200 12000.0 1
-1500 -200 12000.0 1
-1500 3900 12000.0 1
1500 3900 12000.0 1
4500 3900 12000.0 1
7500 3900 12000.0 1
10500 3900 12000.0 1
13500 3900 12000.0 1
16500 3900 12000.0 1
19500 3900 12000.0 1
16500 3900 12000.0 1
13500 3900 12000.0 1
10500 3900 12000.0 1
7500 3900 12000.0 1
4500 3900 12000.0 1
1500 3900 12000.0 1
-1500 3900 12000.0 1
1500 3900 12000.0 1
4500 3900 12000.0 1
7500 3900 12000.0 1
10500 3900 12000.0 1
13500 3900 12000.0 1
16500 3900 12000.0 1
19500 3900 12000.0 1
16500 3900 12000.0 1
13500 3900 12000.0 1
10500 3900 12000.0 1
7500 3900 12000.0 1
4500 3900 12000.0 1
1500 3900 12000.0 1
-1500 3900 12000.0 1
1500 3900 12000.0 1
4500 3900 12000.0 1
7500 3900 12000.0 1
10500 3900 12000.0 1
13500 3900 12000.0 1
16500 3900 12000.0 1
19500 3900 12000.0 1
16500 3900 12000.0 1
13500 3900 12000.0 1
10500 3900 12000.0 1
7500 3900 12000.0 1
4500 3900 12000.0 1
1500 3900 12000.0 1
-1500 3900 12000.0 1
1500 3900 12000.0 1
4500 3900 12000.0 1
7500 3900 12000.0 1
10500 3900 12000.0 1
13500 3900 12000.0 1
16500 3900 12000.0 1
19500 3900 12000.0 1
16500 3900 12000.0 1
13500 3900 12000.0 1
10500 3900 12000.0 1
7500 3900 12000.0 1
4500 3900 12000.0 1
1500 3900 12000.0 1
-1500 3900 12000.0 1
1500 3900 12000.0 1
4500 3900 12000.0 1
7500 3900 12000.0 1
10500 3900 12000.0 1
13500 3900 12000.0 1
16500 3900 12000.0 1
19500 3900 12000.0 1
16500 3900 12000.0 1
13500 3900 12000.0 1
10500 3900 12000.0 1
7500 3900 12000.0 1
4500 3900 12000.0 1
1500 3900 12000.0 1
-1500 3900 12000.0 1
1500 3900 12000.0 1
4500 3900 12000.0 1
7500 3900 12000.0 1
10500 3900 12000.0 1
13500 3900 12000.0 1
16500 3900 12000.0 1
19500 3900 12000.0 1
16500 3900 12000.0 1
13500 3900 12000.0 1
10500 3900 12000.0 1
7500 3900 12000.0 1
4500 3900 12000.0 1
1500 3900 12000.0 1
-1500 3900 12000.0 1
1500 3900 12000.0 1
4500 3900 12000.0 1
7500 3900 12000.0 1
10500 3900 12000.0 1
13500 3900 12000.0 1
16500 3900 12000.0 1
19500 3900 12000.0 1
16500 3900 12000.0 1
13500 3900 12000.0 1
10500 3900 12000.0 1
7500 3900 12000.0 1
4500 3900 12000.0 1
1500 3900 12000.0 1
-1500 3900 12000.0 1
1500 3900 12000.0 1
4500 3900 12000.0 1
7500 3900 12000.0 1
10500 3900 12000.0 1
13500 3900 12000.0 1
16500 3900 12000.0 1
19500 3900 12000.0 1
16500 3900 12000.0 1
13500 3900 12000.0 1
10500 3900 12000.0 1
7500 3900 12000.0 1
4500 3900 12000.0 1
1500 3900 12000.0 1
-1500 3900 12000.0 1
1500 3900 12000.0 1
4500 3900 12000.0 1
7500 3900 12000.0 1
10500 3900 12000.0 1
13500 3900 12000.0 1
16500 3900 12000.0 1
19500 3900 12000.0 1
19500 3900 12000.0 1
16500 3900 12000.0 1
13500 3900 12000.0 1
10500 3900 12000.0 1
7500 3900 12000.0 1
4500 3900 12000.0 1
1500 3900 12000.0 1
-1500 3900 12000.0 1
-1500 7900 12000.0 1
1500 7900 12000.0 1
4500 7900 12000.0 1
7500 7900 12000.0 1
10500 7900 12000.0 1
13500 7900 12000.0 1
16500 7900 12000.0 1
19500 7900 12000.0 1
16500 7900 12000.0 1
13500 7900 12000.0 1
10500 7900 12000.0 1
7500 7900 12000.0 1
4500 7900 12000.0 1
1500 7900 12000.0 1
-1500 7900 12000.0 1
1500 7900 12000.0 1
4500 7900 12000.0 1
7500 7900 12000.0 1
10500 7900 12000.0 1
13500 7900 12000.0 1
16500 7900 12000.0 1
19500 7900 12000.0 1
16500 7900 12000.0 1
13500 7900 12000.0 1
10500 7900 12000.0 1
7500 7900 12000.0 1
4500 7900 12000.0 1
1500 7900 12000.0 1
-1500 7900 12000.0 1
1500 7900 12000.0 1
4500 7900 12000.0 1
7500 7900 12000.0 1
10500 7900 12000.0 1
13500 7900 12000.0 1
16500 7900 12000.0 1
19500 7900 12000.0 1
16500 7900 12000.0 1
13500 7900 12000.0 1
10500 7900 12000.0 1
7500 7900 12000.0 1
4500 7900 12000.0 1
1500 7900 12000.0 1
-1500 7900 12000.0 1
1500 7900 12000.0 1
4500 7900 12000.0 1
7500 7900 12000.0 1
10500 7900 12000.0 1
13500 7900 12000.0 1
16500 7900 12000.0 1
19500 7900 12000.0 1
16500 7900 12000.0 1
13500 7900 12000.0 1
10500 7900 12000.0 1
7500 7900 12000.0 1
4500 7900 12000.0 1
1500 7900 12000.0 1
-1500 7900 12000.0 1
1500 7900 12000.0 1
4500 7900 12000.0 1
7500 7900 12000.0 1
10500 7900 12000.0 1
13500 7900 12000.0 1
16500 7900 12000.0 1
19500 7900 12000.0 1
16500 7900 12000.0 1
13500 7900 12000.0 1
10500 7900 12000.0 1
7500 7900 12000.0 1
4500 7900 12000.0 1
1500 7900 12000.0 1
-1500 7900 12000.0 1
1500 7900 12000.0 1
4500 7900 12000.0 1
7500 7900 12000.0 1
10500 7900 12000.0 1
13500 7900 12000.0 1
16500 7900 12000.0 1
19500 7900 12000.0 1
16500 7900 12000.0 1
13500 7900 12000.0 1
10500 7900 12000.0 1
7500 7900 12000.0 1
4500 7900 12000.0 1
1500 7900 12000.0 1
-1500 7900 12000.0 1
1500 7900 12000.0 1
4500 7900 12000.0 1
7500 7900 12000.0 1
10500 7900 12000.0 1
13500 7900 12000.0 1
16500 7900 12000.0 1
19500 7900 12000.0 1
16500 7900 12000.0 1
13500 7900 12000.0 1
10500 7900 12000.0 1
7500 7900 12000.0 1
4500 7900 12000.0 1
1500 7900 12000.0 1
-1500 7900 12000.0 1
1500 7900 12000.0 1
4500 7900 12000.0 1
7500 7900 12000.0 1
10500 7900 12000.0 1
13500 7900 12000.0 1
16500 7900 12000.0 1
19500 7900 12000.0 1
16500 7900 12000.0 1
13500 7900 12000.0 1
10500 7900 12000.0 1
7500 7900 12000.0 1
4500 7900 12000.0 1
1500 7900 12000.0 1
-1500 7900 12000.0 1
1500 7900 12000.0 1
4500 7900 12000.0 1
7500 7900 12000.0 1
10500 7900 12000.0 1
13500 7900 12000.0 1
16500 7900 12000.0 1
19500 7900 12000.0 1
19500 7900 12000.0 1
16500 7900 12000.0 1
13500 7900 12000.0 1
10500 7900 12000.0 1
7500 7900 12000.0 1
4500 7900 12000.0 1
1500 7900 12000.0 1
-1500 7900 12000.0 1
-1500 -4300 12000.0 1
1500 -4300 12000.0 1
4500 -4300 12000.0 1
7500 -4300 12000.0 1
10500 -4300 12000.0 1
13500 -4300 12000.0 1
16500 -4300 12000.0 1
19500 -4300 12000.0 1
16500 -4300 12000.0 1
13500 -4300 12000.0 1
10500 -4300 12000.0 1
7500 -4300 12000.0 1
4500 -4300 12000.0 1
1500 -4300 12000.0 1
-1500 -4300 12000.0 1
1500 -4300 12000.0 1
4500 -4300 12000.0 1
7500 -4300 12000.0 1
10500 -4300 12000.0 1
13500 -4300 12000.0 1
16500 -4300 12000.0 1
19500 -4300 12000.0 1
16500 -4300 12000.0 1
13500 -4300 12000.0 1
10500 -4300 12000.0 1
7500 -4300 12000.0 1
4500 -4300 12000.0 1
1500 -4300 12000.0 1
-1500 -4300 12000.0 1
1500 -4300 12000.0 1
4500 -4300 12000.0 1
7500 -4300 12000.0 1
10500 -4300 12000.0 1
13500 -4300 12000.0 1
16500 -4300 12000.0 1
19500 -4300 12000.0 1
16500 -4300 12000.0 1
13500 -4300 12000.0 1
10500 -4300 12000.0 1
7500 -4300 12000.0 1
4500 -4300 12000.0 1
1500 -4300 12000.0 1
-1500 -4300 12000.0 1
1500 -4300 12000.0 1
4500 -4300 12000.0 1
7500 -4300 12000.0 1
10500 -4300 12000.0 1
13500 -4300 12000.0 1
16500 -4300 12000.0 1
19500 -4300 12000.0 1
16500 -4300 12000.0 1
13500 -4300 12000.0 1
10500 -4300 12000.0 1
7500 -4300 12000.0 1
4500 -4300 12000.0 1
1500 -4300 12000.0 1
-1500 -4300 12000.0 1
1500 -4300 12000.0 1
4500 -4300 12000.0 1
7500 -4300 12000.0 1
10500 -4300 12000.0 1
13500 -4300 12000.0 1
16500 -4300 12000.0 1
19500 -4300 12000.0 1
16500 -4300 12000.0 1
13500 -4300 12000.0 1
10500 -4300 12000.0 1
7500 -4300 12000.0 1
4500 -4300 12000.0 1
1500 -4300 12000.0 1
-1500 -4300 12000.0 1
1500 -4300 12000.0 1
4500 -4300 12000.0 1
7500 -4300 12000.0 1
10500 -4300 12000.0 1
13500 -4300 12000.0 1
16500 -4300 12000.0 1
19500 -4300 12000.0 1
16500 -4300 12000.0 1
13500 -4300 12000.0 1
10500 -4300 12000.0 1
7500 -4300 12000.0 1
4500 -4300 12000.0 1
1500 -4300 12000.0 1
-1500 -4300 12000.0 1
1500 -4300 12000.0 1
4500 -4300 12000.0 1
7500 -4300 12000.0 1
10500 -4300 12000.0 1
13500 -4300 12000.0 1
16500 -4300 12000.0 1
19500 -4300 12000.0 1
16500 -4300 12000.0 1
13500 -4300 12000.0 1
10500 -4300 12000.0 1
7500 -4300 12000.0 1
4500 -4300 12000.0 1
1500 -4300 12000.0 1
-1500 -4300 12000.0 1
1500 -4300 12000.0 1
4500 -4300 12000.0 1
7500 -4300 12000.0 1
10500 -4300 12000.0 1
13500 -4300 12000.0 1
16500 -4300 12000.0 1
19500 -4300 12000.0 1
16500 -4300 12000.0 1
13500 -4300 12000.0 1
10500 -4300 12000.0 1
7500 -4300 12000.0 1
4500 -4300 12000.0 1
1500 -4300 12000.0 1
-1500 -4300 12000.0 1
1500 -4300 12000.0 1
4500 -4300 12000.0 1
7500 -4300 12000.0 1
10500 -4300 12000.0 1
13500 -4300 12000.0 1
16500 -4300 12000.0 1
19500 -4300 12000.0 1
19500 -4300 12000.0 1
16500 -4300 12000.0 1
13500 -4300 12000.0 1
10500 -4300 12000.0 1
7500 -4300 12000.0 1
4500 -4300 12000.0 1
1500 -4300 12000.0 1
-1500 -4300 12000.0 1
-1500 -200 29000.0 1
1500 -200 29000.0 1
4500 -200 29000.0 1
7500 -200 29000.0 1
10500 -200 29000.0 1
13500 -200 29000.0 1
16500 -200 29000.0 1
19500 -200 29000.0 1
16500 -200 29000.0 1
13500 -200 29000.0 1
10500 -200 29000.0 1
7500 -200 29000.0 1
4500 -200 29000.0 1
1500 -200 29000.0 1
-1500 -200 29000.0 1
1500 -200 29000.0 1
4500 -200 29000.0 1
7500 -200 29000.0 1
10500 -200 29000.0 1
13500 -200 29000.0 1
16500 -200 29000.0 1
19500 -200 29000.0 1
16500 -200 29000.0 1
13500 -200 29000.0 1
10500 -200 29000.0 1
7500 -200 29000.0 1
4500 -200 29000.0 1
1500 -200 29000.0 1
-1500 -200 29000.0 1
1500 -200 29000.0 1
4500 -200 29000.0 1
7500 -200 29000.0 1
10500 -200 29000.0 1
13500 -200 29000.0 1
16500 -200 29000.0 1
19500 -200 29000.0 1
16500 -200 29000.0 1
13500 -200 29000.0 1
10500 -200 29000.0 1
7500 -200 29000.0 1
4500 -200 29000.0 1
1500 -200 29000.0 1
-1500 -200 29000.0 1
1500 -200 29000.0 1
4500 -200 29000.0 1
7500 -200 29000.0 1
10500 -200 29000.0 1
13500 -200 29000.0 1
16500 -200 29000.0 1
19500 -200 29000.0 1
16500 -200 29000.0 1
13500 -200 29000.0 1
10500 -200 29000.0 1
7500 -200 29000.0 1
4500 -200 29000.0 1
1500 -200 29000.0 1
-1500 -200 29000.0 1
1500 -200 29000.0 1
4500 -200 29000.0 1
7500 -200 29000.0 1
10500 -200 29000.0 1
13500 -200 29000.0 1
16500 -200 29000.0 1
19500 -200 29000.0 1
16500 -200 29000.0 1
13500 -200 29000.0 1
10500 -200 29000.0 1
7500 -200 29000.0 1
4500 -200 29000.0 1
1500 -200 29000.0 1
-1500 -200 29000.0 1
1500 -200 29000.0 1
4500 -200 29000.0 1
7500 -200 29000.0 1
10500 -200 29000.0 1
13500 -200 29000.0 1
16500 -200 29000.0 1
19500 -200 29000.0 1
16500 -200 29000.0 1
13500 -200 29000.0 1
10500 -200 29000.0 1
7500 -200 29000.0 1
4500 -200 29000.0 1
1500 -200 29000.0 1
-1500 -200 29000.0 1
1500 -200 29000.0 1
4500 -200 29000.0 1
7500 -200 29000.0 1
10500 -200 29000.0 1
13500 -200 29000.0 1
16500 -200 29000.0 1
19500 -200 29000.0 1
16500 -200 29000.0 1
13500 -200 29000.0 1
10500 -200 29000.0 1
7500 -200 29000.0 1
4500 -200 29000.0 1
1500 -200 29000.0 1
-1500 -200 29000.0 1
1500 -200 29000.0 1
4500 -200 29000.0 1
7500 -200 29000.0 1
10500 -200 29000.0 1
13500 -200 29000.0 1
16500 -200 29000.0 1
19500 -200 29000.0 1
16500 -200 29000.0 1
13500 -200 29000.0 1
10500 -200 29000.0 1
7500 -200 29000.0 1
4500 -200 29000.0 1
1500 -200 29000.0 1
-1500 -200 29000.0 1
1500 -200 29000.0 1
4500 -200 29000.0 1
7500 -200 29000.0 1
10500 -200 29000.0 1
13500 -200 29000.0 1
16500 -200 29000.0 1
19500 -200 29000.0 1
19500 -200 29000.0 1
16500 -200 29000.0 1
13500 -200 29000.0 1
10500 -200 29000.0 1
7500 -200 29000.0 1
4500 -200 29000.0 1
1500 -200 29000.0 1
-1500 -200 29000.0 1
-1500 3900 29000.0 1
1500 3900 29000.0 1
4500 3900 29000.0 1
7500 3900 29000.0 1
10500 3900 29000.0 1
13500 3900 29000.0 1
16500 3900 29000.0 1
19500 3900 29000.0 1
16500 3900 29000.0 1
13500 3900 29000.0 1
10500 3900 29000.0 1
7500 3900 29000.0 1
4500 3900 29000.0 1
1500 3900 29000.0 1
-1500 3900 29000.0 1
1500 3900 29000.0 1
4500 3900 29000.0 1
7500 3900 29000.0 1
10500 3900 29000.0 1
13500 3900 29000.0 1
16500 3900 29000.0 1
19500 3900 29000.0 1
16500 3900 29000.0 1
13500 3900 29000.0 1
10500 3900 29000.0 1
7500 3900 29000.0 1
4500 3900 29000.0 1
1500 3900 29000.0 1
-1500 3900 29000.0 1
1500 3900 29000.0 1
4500 3900 29000.0 1
7500 3900 29000.0 1
10500 3900 29000.0 1
13500 3900 29000.0 1
16500 3900 29000.0 1
19500 3900 29000.0 1
16500 3900 29000.0 1
13500 3900 29000.0 1
10500 3900 29000.0 1
7500 3900 29000.0 1
4500 3900 29000.0 1
1500 3900 29000.0 1
-1500 3900 29000.0 1
1500 3900 29000.0 1
4500 3900 29000.0 1
7500 3900 29000.0 1
10500 3900 29000.0 1
13500 3900 29000.0 1
16500 3900 29000.0 1
19500 3900 29000.0 1
16500 3900 29000.0 1
13500 3900 29000.0 1
10500 3900 29000.0 1
7500 3900 29000.0 1
4500 3900 29000.0 1
1500 3900 29000.0 1
-1500 3900 29000.0 1
1500 3900 29000.0 1
4500 3900 29000.0 1
7500 3900 29000.0 1
10500 3900 29000.0 1
13500 3900 29000.0 1
16500 3900 29000.0 1
19500 3900 29000.0 1
16500 3900 29000.0 1
13500 3900 29000.0 1
10500 3900 29000.0 1
7500 3900 29000.0 1
4500 3900 29000.0 1
1500 3900 29000.0 1
-1500 3900 29000.0 1
1500 3900 29000.0 1
4500 3900 29000.0 1
7500 3900 29000.0 1
10500 3900 29000.0 1
13500 3900 29000.0 1
16500 3900 29000.0 1
19500 3900 29000.0 1
16500 3900 29000.0 1
13500 3900 29000.0 1
10500 3900 29000.0 1
7500 3900 29000.0 1
4500 3900 29000.0 1
1500 3900 29000.0 1
-1500 3900 29000.0 1
1500 3900 29000.0 1
4500 3900 29000.0 1
7500 3900 29000.0 1
10500 3900 29000.0 1
13500 3900 29000.0 1
16500 3900 29000.0 1
19500 3900 29000.0 1
16500 3900 29000.0 1
13500 3900 29000.0 1
10500 3900 29000.0 1
7500 3900 29000.0 1
4500 3900 29000.0 1
1500 3900 29000.0 1
-1500 3900 29000.0 1
1500 3900 29000.0 1
4500 3900 29000.0 1
7500 3900 29000.0 1
10500 3900 29000.0 1
13500 3900 29000.0 1
16500 3900 29000.0 1
19500 3900 29000.0 1
16500 3900 29000.0 1
13500 3900 29000.0 1
10500 3900 29000.0 1
7500 3900 29000.0 1
4500 3900 29000.0 1
1500 3900 29000.0 1
-1500 3900 29000.0 1
1500 3900 29000.0 1
4500 3900 29000.0 1
7500 3900 29000.0 1
10500 3900 29000.0 1
13500 3900 29000.0 1
16500 3900 29000.0 1
19500 3900 29000.0 1
19500 3900 29000.0 1
16500 3900 29000.0 1
13500 3900 29000.0 1
10500 3900 29000.0 1
7500 3900 29000.0 1
4500 3900 29000.0 1
1500 3900 29000.0 1
-1500 3900 29000.0 1
-1500 7900 29000.0 1
1500 7900 29000.0 1
4500 7900 29000.0 1
7500 7900 29000.0 1
10500 7900 29000.0 1
13500 7900 29000.0 1
16500 7900 29000.0 1
19500 7900 29000.0 1
16500 7900 29000.0 1
13500 7900 29000.0 1
10500 7900 29000.0 1
7500 7900 29000.0 1
4500 7900 29000.0 1
1500 7900 29000.0 1
-1500 7900 29000.0 1
1500 7900 29000.0 1
4500 7900 29000.0 1
7500 7900 29000.0 1
10500 7900 29000.0 1
13500 7900 29000.0 1
16500 7900 29000.0 1
19500 7900 29000.0 1
16500 7900 29000.0 1
13500 7900 29000.0 1
10500 7900 29000.0 1
7500 7900 29000.0 1
4500 7900 29000.0 1
1500 7900 29000.0 1
-1500 7900 29000.0 1
1500 7900 29000.0 1
4500 7900 29000.0 1
7500 7900 29000.0 1
10500 7900 29000.0 1
13500 7900 29000.0 1
16500 7900 29000.0 1
19500 7900 29000.0 1
16500 7900 29000.0 1
13500 7900 29000.0 1
10500 7900 29000.0 1
7500 7900 29000.0 1
4500 7900 29000.0 1
1500 7900 29000.0 1
-1500 7900 29000.0 1
1500 7900 29000.0 1
4500 7900 29000.0 1
7500 7900 29000.0 1
10500 7900 29000.0 1
13500 7900 29000.0 1
16500 7900 29000.0 1
19500 7900 29000.0 1
16500 7900 29000.0 1
13500 7900 29000.0 1
10500 7900 29000.0 1
7500 7900 29000.0 1
4500 7900 29000.0 1
1500 7900 29000.0 1
-1500 7900 29000.0 1
1500 7900 29000.0 1
4500 7900 29000.0 1
7500 7900 29000.0 1
10500 7900 29000.0 1
13500 7900 29000.0 1
16500 7900 29000.0 1
19500 7900 29000.0 1
16500 7900 29000.0 1
13500 7900 29000.0 1
10500 7900 29000.0 1
7500 7900 29000.0 1
4500 7900 29000.0 1
1500 7900 29000.0 1
-1500 7900 29000.0 1
1500 7900 29000.0 1
4500 7900 29000.0 1
7500 7900 29000.0 1
10500 7900 29000.0 1
13500 7900 29000.0 1
16500 7900 29000.0 1
19500 7900 29000.0 1
16500 7900 29000.0 1
13500 7900 29000.0 1
10500 7900 29000.0 1
7500 7900 29000.0 1
4500 7900 29000.0 1
1500 7900 29000.0 1
-1500 7900 29000.0 1
1500 7900 29000.0 1
4500 7900 29000.0 1
7500 7900 29000.0 1
10500 7900 29000.0 1
13500 7900 29000.0 1
16500 7900 29000.0 1
19500 7900 29000.0 1
16500 7900 29000.0 1
13500 7900 29000.0 1
10500 7900 29000.0 1
7500 7900 29000.0 1
4500 7900 29000.0 1
1500 7900 29000.0 1
-1500 7900 29000.0 1
1500 7900 29000.0 1
4500 7900 29000.0 1
7500 7900 29000.0 1
10500 7900 29000.0 1
13500 7900 29000.0 1
16500 7900 29000.0 1
19500 7900 29000.0 1
16500 7900 29000.0 1
13500 7900 29000.0 1
10500 7900 29000.0 1
7500 7900 29000.0 1
4500 7900 29000.0 1
1500 7900 29000.0 1
-1500 7900 29000.0 1
1500 7900 29000.0 1
4500 7900 29000.0 1
7500 7900 29000.0 1
10500 7900 29000.0 1
13500 7900 29000.0 1
16500 7900 29000.0 1
19500 7900 29000.0 1
19500 7900 29000.0 1
16500 7900 29000.0 1
13500 7900 29000.0 1
10500 7900 29000.0 1
7500 7900 29000.0 1
4500 7900 29000.0 1
1500 7900 29000.0 1
-1500 7900 29000.0 1
-1500 -4300 29000.0 1
1500 -4300 29000.0 1
4500 -4300 29000.0 1
7500 -4300 29000.0 1
10500 -4300 29000.0 1
13500 -4300 29000.0 1
16500 -4300 29000.0 1
19500 -4300 29000.0 1
16500 -4300 29000.0 1
13500 -4300 29000.0 1
10500 -4300 29000.0 1
7500 -4300 29000.0 1
4500 -4300 29000.0 1
1500 -4300 29000.0 1
-1500 -4300 29000.0 1
1500 -4300 29000.0 1
4500 -4300 29000.0 1
7500 -4300 29000.0 1
10500 -4300 29000.0 1
13500 -4300 29000.0 1
16500 -4300 29000.0 1
19500 -4300 29000.0 1
16500 -4300 29000.0 1
13500 -4300 29000.0 1
10500 -4300 29000.0 1
7500 -4300 29000.0 1
4500 -4300 29000.0 1
1500 -4300 29000.0 1
-1500 -4300 29000.0 1
1500 -4300 29000.0 1
4500 -4300 29000.0 1
7500 -4300 29000.0 1
10500 -4300 29000.0 1
13500 -4300 29000.0 1
16500 -4300 29000.0 1
19500 -4300 29000.0 1
16500 -4300 29000.0 1
13500 -4300 29000.0 1
10500 -4300 29000.0 1
7500 -4300 29000.0 1
4500 -4300 29000.0 1
1500 -4300 29000.0 1
-1500 -4300 29000.0 1
1500 -4300 29000.0 1
4500 -4300 29000.0 1
7500 -4300 29000.0 1
10500 -4300 29000.0 1
13500 -4300 29000.0 1
16500 -4300 29000.0 1
19500 -4300 29000.0 1
16500 -4300 29000.0 1
13500 -4300 29000.0 1
10500 -4300 29000.0 1
7500 -4300 29000.0 1
4500 -4300 29000.0 1
1500 -4300 29000.0 1
-1500 -4300 29000.0 1
1500 -4300 29000.0 1
4500 -4300 29000.0 1
7500 -4300 29000.0 1
10500 -4300 29000.0 1
13500 -4300 29000.0 1
16500 -4300 29000.0 1
19500 -4300 29000.0 1
16500 -4300 29000.0 1
13500 -4300 29000.0 1
10500 -4300 29000.0 1
7500 -4300 29000.0 1
4500 -4300 29000.0 1
1500 -4300 29000.0 1
-1500 -4300 29000.0 1
1500 -4300 29000.0 1
4500 -4300 29000.0 1
7500 -4300 29000.0 1
10500 -4300 29000.0 1
13500 -4300 29000.0 1
16500 -4300 29000.0 1
19500 -4300 29000.0 1
16500 -4300 29000.0 1
13500 -4300 29000.0 1
10500 -4300 29000.0 1
7500 -4300 29000.0 1
4500 -4300 29000.0 1
1500 -4300 29000.0 1
-1500 -4300 29000.0 1
1500 -4300 29000.0 1
4500 -4300 29000.0 1
7500 -4300 29000.0 1
10500 -4300 29000.0 1
13500 -4300 29000.0 1
16500 -4300 29000.0 1
19500 -4300 29000.0 1
16500 -4300 29000.0 1
13500 -4300 29000.0 1
10500 -4300 29000.0 1
7500 -4300 29000.0 1
4500 -4300 29000.0 1
1500 -4300 29000.0 1
-1500 -4300 29000.0 1
1500 -4300 29000.0 1
4500 -4300 29000.0 1
7500 -4300 29000.0 1
10500 -4300 29000.0 1
13500 -4300 29000.0 1
16500 -4300 29000.0 1
19500 -4300 29000.0 1
16500 -4300 29000.0 1
13500 -4300 29000.0 1
10500 -4300 29000.0 1
7500 -4300 29000.0 1
4500 -4300 29000.0 1
1500 -4300 29000.0 1
-1500 -4300 29000.0 1
1500 -4300 29000.0 1
4500 -4300 29000.0 1
7500 -4300 29000.0 1
10500 -4300 29000.0 1
13500 -4300 29000.0 1
16500 -4300 29000.0 1
19500 -4300 29000.0 1
19500 -4300 29000.0 1
16500 -4300 29000.0 1
13500 -4300 29000.0 1
10500 -4300 29000.0 1
7500 -4300 29000.0 1
4500 -4300 29000.0 1
1500 -4300 29000.0 1
-1500 -4300 29000.0 1
-1500 -4300 29000.0 0