4525.000000	4050.000000	-70000.000000	-6.889715	0.059184	2.644670	0.012938	-6.629122	0.010359	1.000000	-20.207713	0.007482	25.863480
4525.000000	4050.000000	-70000.000000	-6.948121	0.060329	2.575152	0.012000	-10.062849	0.012101	0.000000	-23.515488	0.012584	36.305077
4525.000000	4050.000000	-66500.000000	-6.896551	0.052920	2.593538	0.009097	-6.795668	0.010103	1.000000	-20.210137	0.008476	50.544891
4525.000000	4050.000000	-66500.000000	-6.917301	0.034195	2.585517	0.010945	-10.221272	0.008072	0.000000	-23.527508	0.007958	60.885482
4525.000000	4050.000000	-63000.000000	-6.883526	0.054650	2.550341	0.012865	-6.999886	0.007050	1.000000	-20.227949	0.006513	75.127297
4525.000000	4050.000000	-63000.000000	-6.918052	0.047175	2.526047	0.010592	-10.423807	0.008641	0.000000	-23.530404	0.008629	85.466888
4525.000000	4050.000000	-59500.000000	-6.877021	0.053326	2.434354	0.009594	-7.197247	0.008528	1.000000	-20.233745	0.007886	99.707703
4525.000000	4050.000000	-59500.000000	-6.916331	0.041281	2.445108	0.008480	-10.625921	0.007126	0.000000	-23.524786	0.009523	110.047295
4525.000000	4050.000000	-56000.000000	-6.874493	0.076882	2.392463	0.009795	-7.406260	0.010509	1.000000	-20.232360	0.008382	124.287109
4525.000000	4050.000000	-56000.000000	-6.912395	0.046561	2.371922	0.011375	-10.829336	0.011299	0.000000	-23.508961	0.011041	134.630701
4525.000000	4050.000000	-52500.000000	-6.897243	0.049193	2.305543	0.010806	-7.611416	0.008598	1.000000	-20.227303	0.010017	148.870515
4525.000000	4050.000000	-52500.000000	-6.911829	0.058038	2.275715	0.008469	-11.035216	0.005984	0.000000	-23.533925	0.010592	159.212107
4525.000000	4050.000000	-49000.000000	-6.911171	0.062699	2.226686	0.009587	-7.823941	0.008566	1.000000	-20.231644	0.012349	173.461922
4525.000000	4050.000000	-49000.000000	-6.954591	0.051654	2.201566	0.009900	-11.248064	0.006603	0.000000	-23.535267	0.009446	183.911519
4525.000000	4050.000000	-45500.000000	-6.909569	0.050001	2.144641	0.006838	-8.046419	0.006641	1.000000	-20.252650	0.007045	198.153334
4525.000000	4050.000000	-45500.000000	-6.947384	0.044577	2.110946	0.009531	-11.468474	0.007266	0.000000	-23.551290	0.009980	208.492925
4525.000000	4050.000000	-42000.000000	-6.933751	0.068796	2.066612	0.011924	-8.270261	0.010148	1.000000	-20.239850	0.010560	222.731740
4525.000000	4050.000000	-42000.000000	-6.955464	0.045475	2.030545	0.009961	-11.697246	0.008786	0.000000	-23.548380	0.008585	233.077332
4525.000000	4050.000000	-38500.000000	-6.963214	0.046467	1.978600	0.009901	-8.500772	0.007933	1.000000	-20.260935	0.009644	247.320146
4525.000000	4050.000000	-38500.000000	-6.972936	0.045700	1.939116	0.009555	-11.922982	0.010113	0.000000	-23.550009	0.007082	257.659738
4525.000000	4050.000000	-35000.000000	-6.986534	0.047936	1.888120	0.006570	-8.734488	0.006312	1.000000	-20.258144	0.006437	271.898552
4525.000000	4050.000000	-35000.000000	-6.988860	0.046565	1.869967	0.008650	-12.155256	0.007159	0.000000	-23.567612	0.006105	282.241143
4525.000000	4050.000000	-35000.000000	-6.978304	0.029954	1.901026	0.007510	-8.730716	0.005596	1.000000	-20.269831	0.010715	292.578734
4525.000000	4050.000000	-35000.000000	-7.012430	0.038657	1.881458	0.007245	-12.152592	0.009593	0.000000	-23.557161	0.009013	302.918326
4525.000000	4050.000000	-38500.000000	-6.975759	0.062115	1.971813	0.008827	-8.526588	0.009113	1.000000	-20.251974	0.009125	317.157140
4525.000000	4050.000000	-38500.000000	-7.005570	0.051444	1.947388	0.008431	-11.949449	0.007615	0.000000	-23.555885	0.007785	327.496732
4525.000000	4050.000000	-42000.000000	-6.944091	0.062114	2.057440	0.013076	-8.297917	0.010870	1.000000	-20.255953	0.010342	341.738546
4525.000000	4050.000000	-42000.000000	-6.983624	0.076161	2.031070	0.011478	-11.724345	0.010934	0.000000	-23.549502	0.010631	352.079138
4525.000000	4050.000000	-45500.000000	-6.933897	0.041755	2.131165	0.008390	-8.083571	0.007518	1.000000	-20.264323	0.010493	366.321952
4525.000000	4050.000000	-45500.000000	-6.965036	0.062867	2.100515	0.007536	-11.508695	0.008575	0.000000	-23.553342	0.008451	376.659544
4525.000000	4050.000000	-49000.000000	-6.919885	0.049850	2.203993	0.009118	-7.858832	0.006493	1.000000	-20.254955	0.008976	390.900358
4525.000000	4050.000000	-49000.000000	-6.926279	0.028382	2.179275	0.009985	-11.284241	0.006667	0.000000	-23.563261	0.006099	401.239950
4525.000000	4050.000000	-52500.000000	-6.906877	0.076878	2.274195	0.010051	-7.646224	0.008723	1.000000	-20.267372	0.009176	415.479764
4525.000000	4050.000000	-52500.000000	-6.915017	0.060631	2.253031	0.009036	-11.070712	0.008684	0.000000	-23.563777	0.009917	425.817356
4525.000000	4050.000000	-56000.000000	-6.886788	0.060178	2.357725	0.011768	-7.436752	0.009065	1.000000	-20.260895	0.007442	440.057170
4525.000000	4050.000000	-56000.000000	-6.901857	0.066413	2.320049	0.013152	-10.859046	0.010112	0.000000	-23.567771	0.009045	450.396761
4525.000000	4050.000000	-59500.000000	-6.884378	0.053409	2.427118	0.008960	-7.230351	0.005941	1.000000	-20.268664	0.006565	464.680578
4525.000000	4050.000000	-59500.000000	-6.926390	0.048436	2.403075	0.008189	-10.653076	0.007843	0.000000	-23.563673	0.007665	475.022170
4525.000000	4050.000000	-63000.000000	-6.887786	0.052548	2.504556	0.008182	-7.017305	0.006934	1.000000	-20.269851	0.007614	489.260984
4525.000000	4050.000000	-63000.000000	-6.922652	0.036971	2.488795	0.011177	-10.446337	0.008256	0.000000	-23.564771	0.005805	499.599576
4525.000000	4050.000000	-66500.000000	-6.903842	0.057182	2.592579	0.009264	-6.821779	0.008474	1.000000	-20.263503	0.006355	513.840390
4525.000000	4050.000000	-66500.000000	-6.922093	0.058684	2.557225	0.007392	-10.243444	0.008374	0.000000	-23.577084	0.010607	524.177981
4525.000000	4050.000000	-70000.000000	-6.912625	0.059384	2.602971	0.011064	-6.648357	0.012112	1.000000	-20.268997	0.008235	538.417796
4525.000000	4050.000000	-70000.000000	-6.918563	0.059504	2.551954	0.011822	-10.072445	0.010020	0.000000	-23.562123	0.007146	548.756387
2525.000000	4050.000000	-52032.000000	-6.944675	0.083762	2.568097	0.015446	-7.683069	0.011000	1.000000	-20.273710	0.010284	577.595037
2525.000000	4050.000000	-52032.000000	-6.972550	0.075786	2.564078	0.014295	-11.105036	0.012172	0.000000	-23.561632	0.010812	588.032634
4525.000000	4050.000000	-52032.000000	-6.912607	0.070186	2.282738	0.012707	-7.654162	0.009074	1.000000	-20.267154	0.010319	600.772362
4525.000000	4050.000000	-52032.000000	-6.936769	0.083308	2.245239	0.013381	-11.074300	0.011315	0.000000	-23.552607	0.009140	611.211959
6525.000000	4050.000000	-52032.000000	-6.901596	0.061510	1.974939	0.010981	-7.577579	0.013319	1.000000	-20.267795	0.014510	623.954689
6525.000000	4050.000000	-52032.000000	-6.949063	0.060211	1.926714	0.011514	-10.992303	0.011629	0.000000	-23.565923	0.013742	634.296280
8525.000000	4050.000000	-52032.000000	-6.945903	0.065208	1.709276	0.014172	-7.481751	0.011989	1.000000	-20.272722	0.012048	647.035008
8525.000000	4050.000000	-52032.000000	-6.985310	0.085097	1.644286	0.012313	-10.906865	0.009611	0.000000	-23.559555	0.015435	657.374600
10525.000000	4050.000000	-52032.000000	-6.908094	0.069546	1.410618	0.014215	-7.403249	0.012899	1.000000	-20.272757	0.009040	670.115328
10525.000000	4050.000000	-52032.000000	-6.987031	0.082280	1.390069	0.016681	-10.829479	0.011303	0.000000	-23.570120	0.009358	680.458920
12525.000000	4050.000000	-52032.000000	-6.940183	0.065915	1.124310	0.012522	-7.299246	0.013301	1.000000	-20.255223	0.008488	693.195649
12525.000000	4050.000000	-52032.000000	-6.997514	0.090864	1.118600	0.012550	-10.731898	0.009074	0.000000	-23.562292	0.009688	703.538240
14525.000000	4050.000000	-52032.000000	-6.988648	0.056352	0.841829	0.012586	-7.203492	0.014143	1.000000	-20.276144	0.013430	716.276969
14525.000000	4050.000000	-52032.000000	-6.992000	0.069371	0.789209	0.012170	-10.631032	0.012219	0.000000	-23.561140	0.008896	726.615560
16525.000000	4050.000000	-52032.000000	-6.941762	0.072398	0.539447	0.014028	-7.095720	0.013723	1.000000	-20.260597	0.012324	739.357289
16525.000000	4050.000000	-52032.000000	-7.036856	0.074373	0.516002	0.010841	-10.523866	0.016076	0.000000	-23.566181	0.009418	749.694880
18525.000000	4050.000000	-52032.000000	-6.963374	0.080437	0.229989	0.011755	-6.985505	0.010100	1.000000	-20.265261	0.008029	762.433609
18525.000000	4050.000000	-52032.000000	-6.985394	0.076548	0.241042	0.016075	-10.419176	0.007993	0.000000	-23.565322	0.013098	772.775200
20525.000000	4050.000000	-52032.000000	-6.955454	0.074120	-0.034244	0.015775	-6.879549	0.010944	1.000000	-20.274550	0.011738	785.515929
20525.000000	4050.000000	-52032.000000	-6.997455	0.072701	-0.034157	0.013736	-10.314155	0.010692	0.000000	-23.556719	0.007779	795.856521
22525.000000	4050.000000	-52032.000000	-6.951111	0.059228	-0.349735	0.014701	-6.755933	0.014375	1.000000	-20.275633	0.009718	808.599249
22525.000000	4050.000000	-52032.000000	-7.004712	0.072383	-0.337750	0.014627	-10.193672	0.010536	0.000000	-23.573150	0.013909	818.938841
24525.000000	4050.000000	-52032.000000	-6.933073	0.053052	-0.622375	0.012727	-6.644890	0.009889	1.000000	-20.277595	0.011652	831.631567
24525.000000	4050.000000	-52032.000000	-6.999663	0.069962	-0.619396	0.015586	-10.076718	0.011284	0.000000	-23.563772	0.009230	841.969158
26525.000000	4050.000000	-52032.000000	-6.912089	0.086390	-0.900350	0.011702	-6.532596	0.010516	1.000000	-20.265599	0.008191	854.707887
26525.000000	4050.000000	-52032.000000	-6.988735	0.070494	-0.885374	0.017371	-9.967692	0.010110	0.000000	-23.558602	0.010287	865.049478
28525.000000	4050.000000	-52032.000000	-6.884034	0.063896	-1.189996	0.013737	-6.407937	0.013486	1.000000	-20.274257	0.009140	877.788207
28525.000000	4050.000000	-52032.000000	-6.940228	0.069841	-1.120488	0.015786	-9.849556	0.013635	0.000000	-23.551400	0.016153	888.128798
30525.000000	4050.000000	-52032.000000	-6.912854	0.072943	-1.410795	0.014526	-6.289665	0.013476	1.000000	-20.272851	0.010384	900.867527
30525.000000	4050.000000	-52032.000000	-6.932840	0.076983	-1.416605	0.009723	-9.732953	0.012557	0.000000	-23.567965	0.009434	911.204118
30525.000000	4050.000000	-52032.000000	-6.887556	0.086751	-1.436246	0.011176	-6.287534	0.010311	1.000000	-20.280699	0.012811	921.543709
30525.000000	4050.000000	-52032.000000	-6.917117	0.057420	-1.417189	0.016765	-9.733443	0.012574	0.000000	-23.564979	0.011294	931.890301
28525.000000	4050.000000	-52032.000000	-6.936073	0.077050	-1.155119	0.016733	-6.399234	0.012655	1.000000	-20.263816	0.012934	944.635030
28525.000000	4050.000000	-52032.000000	-6.984837	0.093314	-1.149010	0.014268	-9.833684	0.014376	0.000000	-23.568387	0.015328	954.980622
26525.000000	4050.000000	-52032.000000	-6.957408	0.082593	-0.873591	0.013024	-6.493150	0.010264	1.000000	-20.278111	0.009349	967.726351
26525.000000	4050.000000	-52032.000000	-7.036811	0.063404	-0.865344	0.015375	-9.928729	0.010980	0.000000	-23.573309	0.012185	978.071943
24525.000000	4050.000000	-52032.000000	-7.032690	0.089553	-0.576911	0.009313	-6.581318	0.014847	1.000000	-20.276293	0.008370	990.827672
24525.000000	4050.000000	-52032.000000	-7.078694	0.075927	-0.590516	0.014530	-10.021737	0.010657	0.000000	-23.569301	0.011232	1001.171264
22525.000000	4050.000000	-52032.000000	-7.019054	0.062503	-0.309534	0.011559	-6.707280	0.015127	1.000000	-20.268664	0.013422	1013.918993
22525.000000	4050.000000	-52032.000000	-7.080832	0.080470	-0.297841	0.016138	-10.137105	0.013712	0.000000	-23.578723	0.018663	1024.262585
20525.000000	4050.000000	-52032.000000	-7.043417	0.084876	-0.033403	0.011732	-6.802256	0.009962	1.000000	-20.279393	0.013382	1037.007314
20525.000000	4050.000000	-52032.000000	-7.125632	0.068485	-0.031192	0.015813	-10.227405	0.011730	0.000000	-23.570140	0.007542	1047.354906
18525.000000	4050.000000	-52032.000000	-7.066406	0.063247	0.249293	0.009767	-6.895059	0.011176	1.000000	-20.289893	0.010704	1060.122636
18525.000000	4050.000000	-52032.000000	-7.153281	0.096879	0.269150	0.016655	-10.320653	0.009516	0.000000	-23.571278	0.013524	1070.468227
16525.000000	4050.000000	-52032.000000	-7.012493	0.096372	0.548285	0.014218	-7.011047	0.011357	1.000000	-20.279944	0.007632	1083.212956
16525.000000	4050.000000	-52032.000000	-7.126057	0.076037	0.559130	0.011581	-10.445020	0.012775	0.000000	-23.572276	0.012812	1093.557548
14525.000000	4050.000000	-52032.000000	-7.051264	0.062721	0.828933	0.011630	-7.103787	0.013332	1.000000	-20.280634	0.013127	1106.302277
14525.000000	4050.000000	-52032.000000	-7.127639	0.085374	0.838192	0.011813	-10.530052	0.012367	0.000000	-23.564592	0.011150	1116.647869
12525.000000	4050.000000	-52032.000000	-6.991402	0.099044	1.120961	0.013176	-7.245500	0.007950	1.000000	-20.268058	0.013941	1129.394598
12525.000000	4050.000000	-52032.000000	-7.090992	0.078993	1.118569	0.013113	-10.665325	0.014431	0.000000	-23.576836	0.008621	1139.740190
10525.000000	4050.000000	-52032.000000	-6.965620	0.070299	1.437102	0.014251	-7.366376	0.011391	1.000000	-20.269518	0.011302	1152.484919
10525.000000	4050.000000	-52032.000000	-6.989646	0.058878	1.411070	0.015510	-10.789118	0.010179	0.000000	-23.572082	0.009427	1162.827510
8525.000000	4050.000000	-52032.000000	-6.945026	0.079883	1.701947	0.014363	-7.460621	0.012404	1.000000	-20.282929	0.010288	1175.572239
8525.000000	4050.000000	-52032.000000	-6.994802	0.086156	1.682344	0.011538	-10.887011	0.012144	0.000000	-23.572693	0.009669	1185.917831
6525.000000	4050.000000	-52032.000000	-6.945798	0.075322	1.980485	0.011648	-7.540323	0.010005	1.000000	-20.277629	0.010438	1198.666560
6525.000000	4050.000000	-52032.000000	-6.970113	0.077265	1.956195	0.010162	-10.965302	0.011965	0.000000	-23.562700	0.012395	1209.010151
4525.000000	4050.000000	-52032.000000	-6.920928	0.076799	2.276914	0.013748	-7.621680	0.011082	1.000000	-20.272692	0.010101	1221.752881
4525.000000	4050.000000	-52032.000000	-6.943253	0.096279	2.249613	0.011406	-11.043846	0.012004	0.000000	-23.573731	0.011195	1232.099472
2525.000000	4050.000000	-52032.000000	-6.919673	0.087691	2.553918	0.015561	-7.666102	0.014227	1.000000	-20.263265	0.011219	1244.844201
2525.000000	4050.000000	-52032.000000	-6.959153	0.073395	2.551057	0.012655	-11.087259	0.009944	0.000000	-23.583417	0.011069	1255.288798
2525.000000	8050.000000	-52032.000000	-7.949966	0.055713	2.495934	0.013818	6.448047	0.010505	1.000000	-20.266766	0.008510	1286.034557
2525.000000	8050.000000	-52032.000000	-11.374561	0.078129	2.391107	0.015532	6.377430	0.012596	0.000000	-23.567041	0.007210	1296.478154
4525.000000	8050.000000	-52032.000000	-7.933210	0.082353	2.619375	0.013996	6.451809	0.009879	1.000000	-20.248065	0.008647	1309.218883
4525.000000	8050.000000	-52032.000000	-11.346273	0.094380	2.518951	0.015739	6.350136	0.017164	0.000000	-23.561239	0.007722	1319.664481
6525.000000	8050.000000	-52032.000000	-7.934299	0.090203	2.601094	0.011880	6.497360	0.012538	1.000000	-20.267198	0.009931	1332.409210
6525.000000	8050.000000	-52032.000000	-11.349253	0.069927	2.529031	0.012503	6.400889	0.011639	0.000000	-23.570230	0.008448	1342.856807
8525.000000	8050.000000	-52032.000000	-7.903215	0.056748	2.606090	0.012916	6.538670	0.013679	1.000000	-20.265241	0.014324	1355.602536
8525.000000	8050.000000	-52032.000000	-11.337275	0.078562	2.510999	0.013247	6.449330	0.014801	0.000000	-23.563291	0.010181	1365.947128
10525.000000	8050.000000	-52032.000000	-7.901796	0.080913	2.591063	0.017178	6.562435	0.011606	1.000000	-20.266975	0.013089	1378.693857
10525.000000	8050.000000	-52032.000000	-11.289286	0.070507	2.517887	0.014955	6.468735	0.012240	0.000000	-23.560430	0.008748	1389.039449
12525.000000	8050.000000	-52032.000000	-7.861620	0.069474	2.598149	0.017492	6.596137	0.011515	1.000000	-20.281464	0.018766	1401.787178
12525.000000	8050.000000	-52032.000000	-11.270062	0.070050	2.505064	0.012770	6.500775	0.016619	0.000000	-23.552939	0.010256	1412.129769
14525.000000	8050.000000	-52032.000000	-7.803082	0.087218	2.623753	0.012416	6.629407	0.009592	1.000000	-20.273060	0.010100	1424.875498
14525.000000	8050.000000	-52032.000000	-11.220478	0.083613	2.533846	0.015154	6.545947	0.014273	0.000000	-23.548340	0.009206	1435.222090
16525.000000	8050.000000	-52032.000000	-7.809289	0.093576	2.635581	0.013034	6.654347	0.011980	1.000000	-20.261511	0.008825	1447.967819
16525.000000	8050.000000	-52032.000000	-11.211768	0.094042	2.569140	0.015138	6.572097	0.011235	0.000000	-23.569847	0.017664	1458.315411
18525.000000	8050.000000	-52032.000000	-7.762371	0.076329	2.624918	0.013677	6.686916	0.012272	1.000000	-20.269036	0.009523	1471.063140
18525.000000	8050.000000	-52032.000000	-11.192408	0.090624	2.517863	0.012129	6.617996	0.012111	0.000000	-23.565690	0.015201	1481.408732
20525.000000	8050.000000	-52032.000000	-7.709337	0.059803	2.613385	0.011948	6.702826	0.011717	1.000000	-20.261899	0.008656	1494.156461
20525.000000	8050.000000	-52032.000000	-11.149635	0.073669	2.530623	0.011212	6.631268	0.010717	0.000000	-23.575708	0.012873	1504.503053
22525.000000	8050.000000	-52032.000000	-7.697196	0.086091	2.621625	0.009875	6.713626	0.011353	1.000000	-20.279343	0.009308	1517.248782
22525.000000	8050.000000	-52032.000000	-11.111639	0.082327	2.524323	0.014441	6.637540	0.011451	0.000000	-23.566127	0.008800	1527.595374
24525.000000	8050.000000	-52032.000000	-7.669276	0.068099	2.605186	0.014891	6.720687	0.012106	1.000000	-20.283053	0.009692	1540.341103
24525.000000	8050.000000	-52032.000000	-11.132059	0.073851	2.510592	0.013208	6.641135	0.009964	0.000000	-23.549383	0.011035	1550.684694
26525.000000	8050.000000	-52032.000000	-7.662200	0.078327	2.598131	0.016533	6.710291	0.012597	1.000000	-20.261889	0.008695	1563.430423
26525.000000	8050.000000	-52032.000000	-11.065632	0.082131	2.508624	0.011476	6.622992	0.009383	0.000000	-23.556312	0.011780	1573.777015
28525.000000	8050.000000	-52032.000000	-7.618895	0.063379	2.571553	0.012356	6.715900	0.013267	1.000000	-20.263081	0.010336	1586.524744
28525.000000	8050.000000	-52032.000000	-11.063508	0.089645	2.478678	0.012222	6.633538	0.018350	0.000000	-23.558155	0.015654	1596.870336
30525.000000	8050.000000	-52032.000000	-7.590808	0.080291	2.581098	0.009686	6.698665	0.013706	1.000000	-20.265455	0.008815	1609.617065
30525.000000	8050.000000	-52032.000000	-11.036113	0.068621	2.475374	0.013813	6.605211	0.011659	0.000000	-23.563877	0.014359	1619.961657
30525.000000	8050.000000	-52032.000000	-7.611169	0.076367	2.557983	0.015988	6.697006	0.011397	1.000000	-20.274386	0.012294	1630.307248
30525.000000	8050.000000	-52032.000000	-11.031805	0.055242	2.482930	0.014281	6.609269	0.010039	0.000000	-23.563604	0.012203	1640.652840
28525.000000	8050.000000	-52032.000000	-7.627122	0.059170	2.594960	0.015026	6.737565	0.012272	1.000000	-20.264596	0.018880	1653.396569
28525.000000	8050.000000	-52032.000000	-11.040018	0.080671	2.490183	0.012425	6.655856	0.011131	0.000000	-23.558244	0.015704	1663.741160
26525.000000	8050.000000	-52032.000000	-7.613370	0.078385	2.598218	0.016404	6.764417	0.010914	1.000000	-20.258894	0.010525	1676.485889
26525.000000	8050.000000	-52032.000000	-11.035984	0.081820	2.503534	0.015693	6.706265	0.011166	0.000000	-23.570051	0.010894	1686.830482
24525.000000	8050.000000	-52032.000000	-7.620707	0.082742	2.609313	0.012274	6.815358	0.008023	1.000000	-20.271828	0.009009	1699.576210
24525.000000	8050.000000	-52032.000000	-11.022629	0.080740	2.512453	0.015942	6.770446	0.011535	0.000000	-23.566231	0.016491	1709.921802
22525.000000	8050.000000	-52032.000000	-7.668643	0.065888	2.618280	0.012163	6.803341	0.012787	1.000000	-20.266220	0.010749	1722.668531
22525.000000	8050.000000	-52032.000000	-11.109779	0.083512	2.532970	0.012368	6.756990	0.010344	0.000000	-23.566778	0.016021	1733.015123
20525.000000	8050.000000	-52032.000000	-7.659016	0.074544	2.637928	0.016097	6.816522	0.012101	1.000000	-20.272623	0.015598	1745.762852
20525.000000	8050.000000	-52032.000000	-11.110047	0.073692	2.543043	0.014301	6.769733	0.012569	0.000000	-23.566157	0.011847	1756.108444
18525.000000	8050.000000	-52032.000000	-7.697676	0.076707	2.621145	0.012818	6.808553	0.010496	1.000000	-20.268455	0.011935	1768.855173
18525.000000	8050.000000	-52032.000000	-11.151036	0.043017	2.525307	0.013559	6.767191	0.014356	0.000000	-23.565253	0.011421	1779.193764
16525.000000	8050.000000	-52032.000000	-7.698594	0.074325	2.634503	0.016848	6.785463	0.012915	1.000000	-20.276710	0.011662	1791.933493
16525.000000	8050.000000	-52032.000000	-11.169610	0.084099	2.568476	0.010496	6.737119	0.013677	0.000000	-23.584286	0.012036	1802.281085
14525.000000	8050.000000	-52032.000000	-7.745949	0.088656	2.614706	0.009696	6.764605	0.013170	1.000000	-20.275344	0.012464	1815.029814
14525.000000	8050.000000	-52032.000000	-11.189439	0.097193	2.539173	0.016203	6.714488	0.012057	0.000000	-23.578251	0.011371	1825.372406
12525.000000	8050.000000	-52032.000000	-7.811493	0.081942	2.573181	0.011401	6.685428	0.009715	1.000000	-20.277763	0.016772	1838.119134
12525.000000	8050.000000	-52032.000000	-11.271974	0.068299	2.486629	0.013219	6.614137	0.012383	0.000000	-23.578097	0.010866	1848.465726
10525.000000	8050.000000	-52032.000000	-7.879565	0.079664	2.594835	0.016937	6.621470	0.010641	1.000000	-20.264929	0.008127	1861.212455
10525.000000	8050.000000	-52032.000000	-11.282875	0.065730	2.495120	0.012802	6.537571	0.011027	0.000000	-23.578296	0.011308	1871.559047
8525.000000	8050.000000	-52032.000000	-7.889140	0.068826	2.601535	0.012353	6.568057	0.013764	1.000000	-20.282850	0.007158	1884.303776
8525.000000	8050.000000	-52032.000000	-11.329622	0.062157	2.524511	0.012774	6.477097	0.010779	0.000000	-23.588702	0.009509	1894.649368
6525.000000	8050.000000	-52032.000000	-7.960021	0.091037	2.630036	0.017326	6.506779	0.011546	1.000000	-20.288870	0.012452	1907.396097
6525.000000	8050.000000	-52032.000000	-11.385177	0.070832	2.557458	0.014081	6.411285	0.011155	0.000000	-23.593803	0.008675	1917.742689
4525.000000	8050.000000	-52032.000000	-7.970212	0.091041	2.643488	0.017552	6.462306	0.009703	1.000000	-20.270020	0.017465	1930.489418
4525.000000	8050.000000	-52032.000000	-11.391498	0.071529	2.533780	0.022998	6.356781	0.010383	0.000000	-23.567696	0.009168	1940.834010
2525.000000	8050.000000	-52032.000000	-8.005186	0.066706	2.513030	0.013113	6.444629	0.013354	1.000000	-20.290275	0.013613	1953.579739
2525.000000	8050.000000	-52032.000000	-11.412279	0.070751	2.399389	0.015778	6.352049	0.010294	0.000000	-23.586959	0.013395	1964.029336
2525.000000	-3950.000000	-52032.000000	7.039192	0.091487	2.767677	0.019359	7.147732	0.011759	1.000000	-20.297259	0.010093	2034.776382
2525.000000	-3950.000000	-52032.000000	7.142110	0.073473	2.791032	0.020282	10.589504	0.010396	0.000000	-23.596327	0.012525	2045.222980
4525.000000	-3950.000000	-52032.000000	6.955061	0.082386	3.091818	0.014563	7.230949	0.016291	1.000000	-20.299425	0.009754	2057.968709
4525.000000	-3950.000000	-52032.000000	7.137531	0.086941	3.140001	0.016879	10.658573	0.013782	0.000000	-23.595562	0.012048	2068.313301
6525.000000	-3950.000000	-52032.000000	6.951573	0.073722	3.425799	0.016785	7.288948	0.011844	1.000000	-20.318091	0.009924	2081.059030
6525.000000	-3950.000000	-52032.000000	7.117907	0.077989	3.455318	0.015625	10.706687	0.013089	0.000000	-23.619572	0.009962	2091.504627
8525.000000	-3950.000000	-52032.000000	6.940892	0.065323	3.696131	0.014816	7.321940	0.015770	1.000000	-20.312250	0.010222	2104.247356
8525.000000	-3950.000000	-52032.000000	7.150625	0.085796	3.714743	0.014616	10.748035	0.010054	0.000000	-23.611377	0.012481	2114.593948
10525.000000	-3950.000000	-52032.000000	6.941177	0.089935	3.996253	0.016767	7.374706	0.015284	1.000000	-20.297731	0.009931	2127.335677
10525.000000	-3950.000000	-52032.000000	7.103825	0.081923	4.011927	0.013609	10.789469	0.012903	0.000000	-23.598149	0.011804	2137.679268
12525.000000	-3950.000000	-52032.000000	6.948743	0.097675	4.302616	0.017903	7.400916	0.015394	1.000000	-20.321394	0.013094	2150.423997
12525.000000	-3950.000000	-52032.000000	7.119482	0.068050	4.328958	0.014815	10.825052	0.015587	0.000000	-23.598606	0.008474	2160.769589
14525.000000	-3950.000000	-52032.000000	6.924954	0.098766	4.591633	0.017045	7.425612	0.012796	1.000000	-20.321454	0.010604	2173.514318
14525.000000	-3950.000000	-52032.000000	7.116499	0.080257	4.620002	0.014836	10.846728	0.013092	0.000000	-23.598353	0.012090	2183.861910
16525.000000	-3950.000000	-52032.000000	6.896408	0.080347	4.892103	0.012863	7.454474	0.015388	1.000000	-20.297656	0.009295	2196.607639
16525.000000	-3950.000000	-52032.000000	7.106127	0.092358	4.897580	0.014334	10.869043	0.014463	0.000000	-23.582409	0.009970	2206.953230
18525.000000	-3950.000000	-52032.000000	6.878426	0.090039	5.188401	0.016580	7.468292	0.014911	1.000000	-20.312746	0.010815	2219.697959
18525.000000	-3950.000000	-52032.000000	7.091579	0.073410	5.201645	0.019668	10.889470	0.013436	0.000000	-23.610075	0.008009	2230.041551
20525.000000	-3950.000000	-52032.000000	6.861010	0.087166	5.469772	0.017943	7.502828	0.011269	1.000000	-20.306766	0.012858	2242.786280
20525.000000	-3950.000000	-52032.000000	7.045725	0.105819	5.472036	0.016802	10.925070	0.011341	0.000000	-23.604979	0.009359	2253.129872
22525.000000	-3950.000000	-52032.000000	6.848889	0.083550	5.764710	0.018591	7.516823	0.015801	1.000000	-20.316531	0.016783	2265.874601
22525.000000	-3950.000000	-52032.000000	7.006495	0.099043	5.744989	0.017007	10.938022	0.013809	0.000000	-23.592035	0.011992	2276.219193
24525.000000	-3950.000000	-52032.000000	6.773937	0.080523	6.039361	0.014279	7.519736	0.013914	1.000000	-20.301258	0.016782	2288.964921
24525.000000	-3950.000000	-52032.000000	6.955868	0.087834	6.045445	0.015998	10.953623	0.013985	0.000000	-23.593858	0.010322	2299.307513
26525.000000	-3950.000000	-52032.000000	6.753103	0.079499	6.337699	0.016473	7.549186	0.012210	1.000000	-20.303458	0.011262	2312.054242
26525.000000	-3950.000000	-52032.000000	6.937353	0.058097	6.341287	0.019419	10.978524	0.011866	0.000000	-23.594841	0.022076	2322.403834
28525.000000	-3950.000000	-52032.000000	6.673867	0.084203	6.628559	0.014535	7.569856	0.011120	1.000000	-20.317038	0.012486	2335.148563
28525.000000	-3950.000000	-52032.000000	6.870540	0.104187	6.614947	0.019532	10.995040	0.013972	0.000000	-23.609097	0.010668	2345.495155
30525.000000	-3950.000000	-52032.000000	6.633076	0.089018	6.917333	0.017041	7.571105	0.014664	1.000000	-20.308768	0.011740	2358.240884
30525.000000	-3950.000000	-52032.000000	6.831313	0.075573	6.911860	0.015925	11.002668	0.017367	0.000000	-23.598999	0.008809	2368.585475
30525.000000	-3950.000000	-52032.000000	6.635680	0.077225	6.920006	0.017232	7.567235	0.011609	1.000000	-20.305127	0.012876	2378.931067
30525.000000	-3950.000000	-52032.000000	6.830204	0.080772	6.892048	0.013901	11.004657	0.015332	0.000000	-23.603161	0.009331	2389.275659
28525.000000	-3950.000000	-52032.000000	6.703529	0.074646	6.622912	0.014919	7.562763	0.012638	1.000000	-20.312220	0.014061	2402.020388
28525.000000	-3950.000000	-52032.000000	6.905650	0.086496	6.603803	0.016064	10.993757	0.016347	0.000000	-23.580884	0.012222	2412.366980
26525.000000	-3950.000000	-52032.000000	6.788265	0.066827	6.322557	0.015960	7.541172	0.016896	1.000000	-20.302708	0.011119	2425.110709
26525.000000	-3950.000000	-52032.000000	6.966674	0.115929	6.301470	0.017291	10.969078	0.015554	0.000000	-23.597578	0.011394	2435.446300
24525.000000	-3950.000000	-52032.000000	6.827805	0.087407	6.032184	0.018756	7.507567	0.010341	1.000000	-20.301347	0.012488	2448.192029
24525.000000	-3950.000000	-52032.000000	7.044095	0.077662	6.022258	0.015374	10.928116	0.012063	0.000000	-23.595199	0.008047	2458.539620
22525.000000	-3950.000000	-52032.000000	6.869226	0.071276	5.745820	0.016508	7.487370	0.020811	1.000000	-20.297676	0.010310	2471.286350
22525.000000	-3950.000000	-52032.000000	7.122594	0.072158	5.751237	0.016083	10.907052	0.013102	0.000000	-23.582270	0.010380	2481.632941
20525.000000	-3950.000000	-52032.000000	6.920100	0.090854	5.430664	0.023873	7.466418	0.012370	1.000000	-20.302549	0.013862	2494.379671
20525.000000	-3950.000000	-52032.000000	7.141703	0.091498	5.440159	0.017805	10.893718	0.012881	0.000000	-23.602625	0.011705	2504.723262
18525.000000	-3950.000000	-52032.000000	6.927412	0.091666	5.159539	0.013956	7.435556	0.011012	1.000000	-20.303821	0.013666	2517.467991
18525.000000	-3950.000000	-52032.000000	7.154613	0.102950	5.165019	0.018434	10.858866	0.015386	0.000000	-23.611481	0.012035	2527.814583
16525.000000	-3950.000000	-52032.000000	6.889159	0.096361	4.864872	0.017662	7.439756	0.014262	1.000000	-20.307769	0.014962	2540.561312
16525.000000	-3950.000000	-52032.000000	7.119579	0.074637	4.875021	0.019803	10.853855	0.018235	0.000000	-23.605381	0.020142	2550.908904
14525.000000	-3950.000000	-52032.000000	6.963176	0.111912	4.568279	0.015258	7.424329	0.019212	1.000000	-20.283972	0.011204	2563.651633
14525.000000	-3950.000000	-52032.000000	7.156205	0.072053	4.589881	0.016574	10.836053	0.017306	0.000000	-23.626064	0.009599	2573.997224
12525.000000	-3950.000000	-52032.000000	6.959671	0.092994	4.272433	0.020368	7.411232	0.019935	1.000000	-20.285671	0.007535	2586.742953
12525.000000	-3950.000000	-52032.000000	7.160798	0.079824	4.294755	0.017025	10.827942	0.014755	0.000000	-23.586780	0.007188	2597.088545
10525.000000	-3950.000000	-52032.000000	6.950377	0.095900	3.995161	0.014903	7.373218	0.016766	1.000000	-20.315488	0.010806	2609.836274
10525.000000	-3950.000000	-52032.000000	7.119541	0.046462	4.008137	0.018259	10.793485	0.012335	0.000000	-23.606415	0.010665	2620.180866
8525.000000	-3950.000000	-52032.000000	6.920855	0.096503	3.691242	0.014081	7.332350	0.013861	1.000000	-20.310248	0.009022	2632.924595
8525.000000	-3950.000000	-52032.000000	7.090161	0.081091	3.711600	0.016071	10.753177	0.014416	0.000000	-23.600966	0.013605	2643.271187
6525.000000	-3950.000000	-52032.000000	6.946956	0.082764	3.388220	0.022293	7.308137	0.012878	1.000000	-20.301506	0.009748	2656.018916
6525.000000	-3950.000000	-52032.000000	7.113793	0.094628	3.394927	0.017277	10.724558	0.015780	0.000000	-23.619826	0.009269	2666.364507
4525.000000	-3950.000000	-52032.000000	6.948656	0.093634	3.106407	0.018044	7.261532	0.014836	1.000000	-20.319343	0.018123	2679.114237
4525.000000	-3950.000000	-52032.000000	7.094319	0.078260	3.094248	0.019270	10.679396	0.013243	0.000000	-23.624435	0.016073	2689.459828
2525.000000	-3950.000000	-52032.000000	6.952599	0.072783	2.786157	0.013901	7.222841	0.014871	1.000000	-20.309612	0.012188	2702.203557
2525.000000	-3950.000000	-52032.000000	7.095863	0.067004	2.795562	0.016584	10.645083	0.016949	0.000000	-23.607622	0.011265	2712.651155
2525.000000	50.000000	-52032.000000	7.463382	0.097762	2.971902	0.013846	-6.761298	0.011349	1.000000	-20.315831	0.011271	2743.412914
2525.000000	50.000000	-52032.000000	10.887359	0.093446	3.085859	0.016224	-6.770276	0.012952	0.000000	-23.594206	0.013034	2753.857512
4525.000000	50.000000	-52032.000000	7.416993	0.059439	2.866220	0.013210	-6.814784	0.012209	1.000000	-20.311584	0.012772	2766.605241
4525.000000	50.000000	-52032.000000	10.812382	0.074098	2.966026	0.012564	-6.838573	0.011991	0.000000	-23.608873	0.012847	2776.952833
6525.000000	50.000000	-52032.000000	7.364133	0.072867	2.858303	0.014553	-6.815914	0.012089	1.000000	-20.318300	0.013336	2789.699562
6525.000000	50.000000	-52032.000000	10.806392	0.080863	2.953109	0.015177	-6.846942	0.009747	0.000000	-23.615455	0.011975	2800.145159
8525.000000	50.000000	-52032.000000	7.375270	0.079093	2.831489	0.014048	-6.785358	0.014759	1.000000	-20.318021	0.011839	2812.884888
8525.000000	50.000000	-52032.000000	10.787477	0.087232	2.930335	0.011995	-6.828765	0.012059	0.000000	-23.606593	0.016341	2823.233480
10525.000000	50.000000	-52032.000000	7.382766	0.070039	2.795965	0.011635	-6.742592	0.013773	1.000000	-20.304521	0.009904	2835.973208
10525.000000	50.000000	-52032.000000	10.828366	0.069360	2.889335	0.013961	-6.790713	0.010859	0.000000	-23.600365	0.014038	2846.317800
12525.000000	50.000000	-52032.000000	7.340917	0.070937	2.785350	0.016523	-6.716039	0.009071	1.000000	-20.306120	0.010351	2859.060529
12525.000000	50.000000	-52032.000000	10.757064	0.079276	2.879176	0.011539	-6.781416	0.012988	0.000000	-23.610463	0.007566	2869.410121
14525.000000	50.000000	-52032.000000	7.310383	0.082319	2.739792	0.011130	-6.681836	0.013567	1.000000	-20.314713	0.011806	2882.157850
14525.000000	50.000000	-52032.000000	10.730445	0.081417	2.795312	0.014000	-6.751159	0.011192	0.000000	-23.624629	0.008034	2892.502442
16525.000000	50.000000	-52032.000000	7.316464	0.088082	2.713541	0.015050	-6.627509	0.012857	1.000000	-20.313715	0.009746	2905.248171
16525.000000	50.000000	-52032.000000	10.714016	0.082869	2.791838	0.011100	-6.706967	0.011856	0.000000	-23.608531	0.007905	2915.598763
18525.000000	50.000000	-52032.000000	7.309764	0.087093	2.705144	0.014026	-6.571384	0.011195	1.000000	-20.320917	0.011953	2928.345492
18525.000000	50.000000	-52032.000000	10.690165	0.064525	2.790830	0.012831	-6.655401	0.010897	0.000000	-23.615758	0.012249	2938.691083
20525.000000	50.000000	-52032.000000	7.287268	0.081330	2.697029	0.018097	-6.486578	0.012097	1.000000	-20.303999	0.010822	2951.436812
20525.000000	50.000000	-52032.000000	10.685266	0.075178	2.800819	0.014324	-6.577073	0.012144	0.000000	-23.604895	0.013563	2961.784405
22525.000000	50.000000	-52032.000000	7.262999	0.095734	2.672096	0.013756	-6.409818	0.012638	1.000000	-20.308644	0.019195	2974.532134
22525.000000	50.000000	-52032.000000	10.685811	0.105111	2.774141	0.012581	-6.493835	0.012449	0.000000	-23.613652	0.011831	2984.878726
24525.000000	50.000000	-52032.000000	7.252436	0.086169	2.653303	0.016778	-6.330787	0.012619	1.000000	-20.314425	0.009905	2997.626454
24525.000000	50.000000	-52032.000000	10.685158	0.073377	2.742417	0.014038	-6.418086	0.010721	0.000000	-23.600941	0.012413	3007.972046
26525.000000	50.000000	-52032.000000	7.257429	0.066227	2.635223	0.012503	-6.237317	0.009069	1.000000	-20.320257	0.008428	3020.716775
26525.000000	50.000000	-52032.000000	10.683305	0.080269	2.749451	0.015285	-6.316452	0.010994	0.000000	-23.593202	0.007839	3031.063367
28525.000000	50.000000	-52032.000000	7.253493	0.062901	2.619285	0.019613	-6.134876	0.009955	1.000000	-20.296589	0.010364	3043.812096
28525.000000	50.000000	-52032.000000	10.670127	0.108230	2.740627	0.013403	-6.212801	0.011146	0.000000	-23.615291	0.015026	3054.156688
30525.000000	50.000000	-52032.000000	7.230153	0.068869	2.610043	0.014231	-6.039847	0.011123	1.000000	-20.307710	0.009270	3066.902417
30525.000000	50.000000	-52032.000000	10.693037	0.085442	2.709529	0.013562	-6.108757	0.011582	0.000000	-23.596471	0.009815	3077.250009
30525.000000	50.000000	-52032.000000	7.206596	0.086431	2.558557	0.011307	-6.032449	0.011429	1.000000	-20.302524	0.011577	3087.595601
30525.000000	50.000000	-52032.000000	10.679709	0.071701	2.677301	0.010788	-6.108639	0.010815	0.000000	-23.597290	0.014603	3097.942192
28525.000000	50.000000	-52032.000000	7.245816	0.058189	2.593187	0.013810	-6.145553	0.013489	1.000000	-20.310571	0.013147	3110.689921
28525.000000	50.000000	-52032.000000	10.667860	0.057458	2.701838	0.012635	-6.225380	0.010007	0.000000	-23.612951	0.009507	3121.034513
26525.000000	50.000000	-52032.000000	7.246567	0.092554	2.616277	0.008944	-6.259920	0.008600	1.000000	-20.316844	0.009421	3133.785243
26525.000000	50.000000	-52032.000000	10.664932	0.088187	2.746878	0.012262	-6.352904	0.011499	0.000000	-23.615470	0.009286	3144.129834
24525.000000	50.000000	-52032.000000	7.207636	0.066498	2.662110	0.010768	-6.380410	0.011362	1.000000	-20.295635	0.008478	3156.874563
24525.000000	50.000000	-52032.000000	10.637979	0.075563	2.741006	0.012481	-6.489537	0.008971	0.000000	-23.600856	0.009070	3167.221155
22525.000000	50.000000	-52032.000000	7.254679	0.055352	2.681852	0.015257	-6.466861	0.012661	1.000000	-20.306269	0.007651	3179.968884
22525.000000	50.000000	-52032.000000	10.657339	0.083698	2.746645	0.015947	-6.572292	0.012770	0.000000	-23.604502	0.009229	3190.314476
20525.000000	50.000000	-52032.000000	7.269866	0.075650	2.680020	0.014636	-6.540547	0.012800	1.000000	-20.308668	0.011723	3203.060205
20525.000000	50.000000	-52032.000000	10.667578	0.094999	2.776401	0.013803	-6.647974	0.013092	0.000000	-23.594394	0.009332	3213.407796
18525.000000	50.000000	-52032.000000	7.244857	0.093344	2.712665	0.016143	-6.631744	0.012535	1.000000	-20.303110	0.010855	3226.155526
18525.000000	50.000000	-52032.000000	10.645618	0.091360	2.784957	0.012347	-6.748148	0.010820	0.000000	-23.600345	0.007169	3236.502118
16525.000000	50.000000	-52032.000000	7.238699	0.073820	2.729653	0.014195	-6.682945	0.009921	1.000000	-20.304486	0.011470	3249.246846
16525.000000	50.000000	-52032.000000	10.681684	0.080761	2.825120	0.012204	-6.791930	0.008559	0.000000	-23.604006	0.009638	3259.594438
14525.000000	50.000000	-52032.000000	7.279852	0.068931	2.751728	0.012940	-6.752849	0.012530	1.000000	-20.288984	0.011993	3272.341167
14525.000000	50.000000	-52032.000000	10.662269	0.095659	2.840338	0.008948	-6.859998	0.009924	0.000000	-23.613532	0.009307	3282.688759
12525.000000	50.000000	-52032.000000	7.267481	0.102667	2.787297	0.010563	-6.789079	0.011474	1.000000	-20.308053	0.013614	3295.438488
12525.000000	50.000000	-52032.000000	10.682814	0.078251	2.868456	0.014093	-6.881969	0.012359	0.000000	-23.597613	0.013589	3305.781080
10525.000000	50.000000	-52032.000000	7.241001	0.092396	2.789877	0.011630	-6.819029	0.014111	1.000000	-20.300806	0.011705	3318.526809
10525.000000	50.000000	-52032.000000	10.733338	0.078947	2.885330	0.014848	-6.905375	0.011201	0.000000	-23.600315	0.015127	3328.871401
8525.000000	50.000000	-52032.000000	7.301816	0.073040	2.794157	0.012972	-6.869403	0.010658	1.000000	-20.306428	0.009479	3341.617130
8525.000000	50.000000	-52032.000000	10.760124	0.081146	2.891769	0.012496	-6.951014	0.009892	0.000000	-23.609703	0.011559	3351.962721
6525.000000	50.000000	-52032.000000	7.284508	0.086800	2.819657	0.014047	-6.900977	0.011494	1.000000	-20.314480	0.012072	3364.710451
6525.000000	50.000000	-52032.000000	10.700794	0.075181	2.902162	0.013496	-6.970314	0.011800	0.000000	-23.605083	0.006636	3375.056042
4525.000000	50.000000	-52032.000000	7.302501	0.071162	2.841075	0.016289	-6.919454	0.012838	1.000000	-20.321056	0.008597	3387.801771
4525.000000	50.000000	-52032.000000	10.713717	0.072242	2.925516	0.018099	-6.992494	0.012273	0.000000	-23.598428	0.011723	3398.147363
2525.000000	50.000000	-52032.000000	7.279473	0.067290	2.939601	0.011007	-6.939655	0.013313	1.000000	-20.311033	0.013456	3410.896092
2525.000000	50.000000	-52032.000000	10.721815	0.104945	3.060647	0.014866	-7.000101	0.011455	0.000000	-23.609310	0.013661	3421.339690
