4525 4050 -70000.0 1
4525 4050 -70000.0 0
4525 4050 -66500.0 1
4525 4050 -66500.0 0
4525 4050 -63000.0 1
4525 4050 -63000.0 0
4525 4050 -59500.0 1
4525 4050 -59500.0 0
4525 4050 -56000.0 1
4525 4050 -56000.0 0
4525 4050 -52500.0 1
4525 4050 -52500.0 0
4525 4050 -49000.0 1
4525 4050 -49000.0 0
4525 4050 -45500.0 1
4525 4050 -45500.0 0
4525 4050 -42000.0 1
4525 4050 -42000.0 0
4525 4050 -38500.0 1
4525 4050 -38500.0 0
4525 4050 -35000.0 1
4525 4050 -35000.0 0
4525 4050 -35000.0 1
4525 4050 -35000.0 0
4525 4050 -38500.0 1
4525 4050 -38500.0 0
4525 4050 -42000.0 1
4525 4050 -42000.0 0
4525 4050 -45500.0 1
4525 4050 -45500.0 0
4525 4050 -49000.0 1
4525 4050 -49000.0 0
4525 4050 -52500.0 1
4525 4050 -52500.0 0
4525 4050 -56000.0 1
4525 4050 -56000.0 0
4525 4050 -59500.0 1
4525 4050 -59500.0 0
4525 4050 -63000.0 1
4525 4050 -63000.0 0
4525 4050 -66500.0 1
4525 4050 -66500.0 0
4525 4050 -70000.0 1
4525 4050 -70000.0 0
2525 4050 -52032 1
2525 4050 -52032 0
4525 4050 -52032 1
4525 4050 -52032 0
8525 4050 -52032 1
8525 4050 -52032 0
12525 4050 -52032 1
12525 4050 -52032 0
16525 4050 -52032 1
16525 4050 -52032 0
20525 4050 -52032 1
20525 4050 -52032 0
24525 4050 -52032 1
24525 4050 -52032 0
28525 4050 -52032 1
28525 4050 -52032 0
28525 4050 -52032 1
28525 4050 -52032 0
24525 4050 -52032 1
24525 4050 -52032 0
20525 4050 -52032 1
20525 4050 -52032 0
16525 4050 -52032 1
16525 4050 -52032 0
12525 4050 -52032 1
12525 4050 -52032 0
8525 4050 -52032 1
8525 4050 -52032 0
4525 4050 -52032 1
4525 4050 -52032 0
2525 4050 -52032 1
2525 4050 -52032 0
2525 8050 -52032 1
2525 8050 -52032 0
4525 8050 -52032 1
4525 8050 -52032 0
8525 8050 -52032 1
8525 8050 -52032 0
12525 8050 -52032 1
12525 8050 -52032 0
16525 8050 -52032 1
16525 8050 -52032 0
20525 8050 -52032 1
20525 8050 -52032 0
24525 8050 -52032 1
24525 8050 -52032 0
28525 8050 -52032 1
28525 8050 -52032 0
28525 8050 -52032 1
28525 8050 -52032 0
24525 8050 -52032 1
24525 8050 -52032 0
20525 8050 -52032 1
20525 8050 -52032 0
16525 8050 -52032 1
16525 8050 -52032 0
12525 8050 -52032 1
12525 8050 -52032 0
8525 8050 -52032 1
8525 8050 -52032 0
4525 8050 -52032 1
4525 8050 -52032 0
2525 8050 -52032 1
2525 8050 -52032 0
2525 -3950 -52032 1
2525 -3950 -52032 0
4525 -3950 -52032 1
4525 -3950 -52032 0
8525 -3950 -52032 1
8525 -3950 -52032 0
12525 -3950 -52032 1
12525 -3950 -52032 0
16525 -3950 -52032 1
16525 -3950 -52032 0
20525 -3950 -52032 1
20525 -3950 -52032 0
24525 -3950 -52032 1
24525 -3950 -52032 0
28525 -3950 -52032 1
28525 -3950 -52032 0
28525 -3950 -52032 1
28525 -3950 -52032 0
24525 -3950 -52032 1
24525 -3950 -52032 0
20525 -3950 -52032 1
20525 -3950 -52032 0
16525 -3950 -52032 1
16525 -3950 -52032 0
12525 -3950 -52032 1
12525 -3950 -52032 0
8525 -3950 -52032 1
8525 -3950 -52032 0
4525 -3950 -52032 1
4525 -3950 -52032 0
2525 -3950 -52032 1
2525 -3950 -52032 0
2525 50 -52032 1
2525 50 -52032 0
4525 50 -52032 1
4525 50 -52032 0
8525 50 -52032 1
8525 50 -52032 0
12525 50 -52032 1
12525 50 -52032 0
16525 50 -52032 1
16525 50 -52032 0
20525 50 -52032 1
20525 50 -52032 0
24525 50 -52032 1
24525 50 -52032 0
28525 50 -52032 1
28525 50 -52032 0
28525 50 -52032 1
28525 50 -52032 0
24525 50 -52032 1
24525 50 -52032 0
20525 50 -52032 1
20525 50 -52032 0
16525 50 -52032 1
16525 50 -52032 0
12525 50 -52032 1
12525 50 -52032 0
8525 50 -52032 1
8525 50 -52032 0
4525 50 -52032 1
4525 50 -52032 0
2525 50 -52032 1
2525 50 -52032 0