0 4150 -70000.0 1
0 4150 -70000.0 0
0 4150 -66500.0 1
0 4150 -66500.0 0
0 4150 -63000.0 1
0 4150 -63000.0 0
0 4150 -59500.0 1
0 4150 -59500.0 0
0 4150 -56000.0 1
0 4150 -56000.0 0
0 4150 -52500.0 1
0 4150 -52500.0 0
0 4150 -49000.0 1
0 4150 -49000.0 0
0 4150 -45500.0 1
0 4150 -45500.0 0
0 4150 -42000.0 1
0 4150 -42000.0 0
0 4150 -38500.0 1
0 4150 -38500.0 0
0 4150 -35000.0 1
0 4150 -35000.0 0
0 4150 -35000.0 1
0 4150 -35000.0 0
0 4150 -38500.0 1
0 4150 -38500.0 0
0 4150 -42000.0 1
0 4150 -42000.0 0
0 4150 -45500.0 1
0 4150 -45500.0 0
0 4150 -49000.0 1
0 4150 -49000.0 0
0 4150 -52500.0 1
0 4150 -52500.0 0
0 4150 -56000.0 1
0 4150 -56000.0 0
0 4150 -59500.0 1
0 4150 -59500.0 0
0 4150 -63000.0 1
0 4150 -63000.0 0
0 4150 -66500.0 1
0 4150 -66500.0 0
0 4150 -70000.0 1
0 4150 -70000.0 0
0 4150 -70000.0 1
0 4150 -70000.0 0
0 4150 -66500.0 1
0 4150 -66500.0 0
0 4150 -63000.0 1
0 4150 -63000.0 0
0 4150 -59500.0 1
0 4150 -59500.0 0
0 4150 -56000.0 1
0 4150 -56000.0 0
0 4150 -52500.0 1
0 4150 -52500.0 0
0 4150 -49000.0 1
0 4150 -49000.0 0
0 4150 -45500.0 1
0 4150 -45500.0 0
0 4150 -42000.0 1
0 4150 -42000.0 0
0 4150 -38500.0 1
0 4150 -38500.0 0
0 4150 -35000.0 1
0 4150 -35000.0 0
0 4150 -35000.0 1
0 4150 -35000.0 0
0 4150 -38500.0 1
0 4150 -38500.0 0
0 4150 -42000.0 1
0 4150 -42000.0 0
0 4150 -45500.0 1
0 4150 -45500.0 0
0 4150 -49000.0 1
0 4150 -49000.0 0
0 4150 -52500.0 1
0 4150 -52500.0 0
0 4150 -56000.0 1
0 4150 -56000.0 0
0 4150 -59500.0 1
0 4150 -59500.0 0
0 4150 -63000.0 1
0 4150 -63000.0 0
0 4150 -66500.0 1
0 4150 -66500.0 0
0 4150 -70000.0 1
0 4150 -70000.0 0
0 4150 -70000.0 1
0 4150 -70000.0 0
0 4150 -66500.0 1
0 4150 -66500.0 0
0 4150 -63000.0 1
0 4150 -63000.0 0
0 4150 -59500.0 1
0 4150 -59500.0 0
0 4150 -56000.0 1
0 4150 -56000.0 0
0 4150 -52500.0 1
0 4150 -52500.0 0
0 4150 -49000.0 1
0 4150 -49000.0 0
0 4150 -45500.0 1
0 4150 -45500.0 0
0 4150 -42000.0 1
0 4150 -42000.0 0
0 4150 -38500.0 1
0 4150 -38500.0 0
0 4150 -35000.0 1
0 4150 -35000.0 0
0.0 4150 -70000 1
0.0 4150 -70000 0
4000.0 4150 -70000 1
4000.0 4150 -70000 0
8000.0 4150 -70000 1
8000.0 4150 -70000 0
12000.0 4150 -70000 1
12000.0 4150 -70000 0
16000.0 4150 -70000 1
16000.0 4150 -70000 0
20000.0 4150 -70000 1
20000.0 4150 -70000 0
24000.0 4150 -70000 1
24000.0 4150 -70000 0
28000.0 4150 -70000 1
28000.0 4150 -70000 0
28000.0 4150 -70000 1
28000.0 4150 -70000 0
24000.0 4150 -70000 1
24000.0 4150 -70000 0
20000.0 4150 -70000 1
20000.0 4150 -70000 0
16000.0 4150 -70000 1
16000.0 4150 -70000 0
12000.0 4150 -70000 1
12000.0 4150 -70000 0
8000.0 4150 -70000 1
8000.0 4150 -70000 0
4000.0 4150 -70000 1
4000.0 4150 -70000 0
0.0 4150 -70000 1
0.0 4150 -70000 0
0.0 4150 -70000 1
0.0 4150 -70000 0
4000.0 4150 -70000 1
4000.0 4150 -70000 0
8000.0 4150 -70000 1
8000.0 4150 -70000 0
12000.0 4150 -70000 1
12000.0 4150 -70000 0
16000.0 4150 -70000 1
16000.0 4150 -70000 0
20000.0 4150 -70000 1
20000.0 4150 -70000 0
24000.0 4150 -70000 1
24000.0 4150 -70000 0
28000.0 4150 -70000 1
28000.0 4150 -70000 0
28000.0 4150 -70000 1
28000.0 4150 -70000 0
24000.0 4150 -70000 1
24000.0 4150 -70000 0
20000.0 4150 -70000 1
20000.0 4150 -70000 0
16000.0 4150 -70000 1
16000.0 4150 -70000 0
12000.0 4150 -70000 1
12000.0 4150 -70000 0
8000.0 4150 -70000 1
8000.0 4150 -70000 0
4000.0 4150 -70000 1
4000.0 4150 -70000 0
0.0 4150 -70000 1
0.0 4150 -70000 0
0.0 4150 -70000 1
0.0 4150 -70000 0
4000.0 4150 -70000 1
4000.0 4150 -70000 0
8000.0 4150 -70000 1
8000.0 4150 -70000 0
12000.0 4150 -70000 1
12000.0 4150 -70000 0
16000.0 4150 -70000 1
16000.0 4150 -70000 0
20000.0 4150 -70000 1
20000.0 4150 -70000 0
24000.0 4150 -70000 1
24000.0 4150 -70000 0
28000.0 4150 -70000 1
28000.0 4150 -70000 0
0.0 8150 -70000 1
0.0 8150 -70000 0
4000.0 8150 -70000 1
4000.0 8150 -70000 0
8000.0 8150 -70000 1
8000.0 8150 -70000 0
12000.0 8150 -70000 1
12000.0 8150 -70000 0
16000.0 8150 -70000 1
16000.0 8150 -70000 0
20000.0 8150 -70000 1
20000.0 8150 -70000 0
24000.0 8150 -70000 1
24000.0 8150 -70000 0
28000.0 8150 -70000 1
28000.0 8150 -70000 0
28000.0 8150 -70000 1
28000.0 8150 -70000 0
24000.0 8150 -70000 1
24000.0 8150 -70000 0
20000.0 8150 -70000 1
20000.0 8150 -70000 0
16000.0 8150 -70000 1
16000.0 8150 -70000 0
12000.0 8150 -70000 1
12000.0 8150 -70000 0
8000.0 8150 -70000 1
8000.0 8150 -70000 0
4000.0 8150 -70000 1
4000.0 8150 -70000 0
0.0 8150 -70000 1
0.0 8150 -70000 0
0.0 8150 -70000 1
0.0 8150 -70000 0
4000.0 8150 -70000 1
4000.0 8150 -70000 0
8000.0 8150 -70000 1
8000.0 8150 -70000 0
12000.0 8150 -70000 1
12000.0 8150 -70000 0
16000.0 8150 -70000 1
16000.0 8150 -70000 0
20000.0 8150 -70000 1
20000.0 8150 -70000 0
24000.0 8150 -70000 1
24000.0 8150 -70000 0
28000.0 8150 -70000 1
28000.0 8150 -70000 0
28000.0 8150 -70000 1
28000.0 8150 -70000 0
24000.0 8150 -70000 1
24000.0 8150 -70000 0
20000.0 8150 -70000 1
20000.0 8150 -70000 0
16000.0 8150 -70000 1
16000.0 8150 -70000 0
12000.0 8150 -70000 1
12000.0 8150 -70000 0
8000.0 8150 -70000 1
8000.0 8150 -70000 0
4000.0 8150 -70000 1
4000.0 8150 -70000 0
0.0 8150 -70000 1
0.0 8150 -70000 0
0.0 8150 -70000 1
0.0 8150 -70000 0
4000.0 8150 -70000 1
4000.0 8150 -70000 0
8000.0 8150 -70000 1
8000.0 8150 -70000 0
12000.0 8150 -70000 1
12000.0 8150 -70000 0
16000.0 8150 -70000 1
16000.0 8150 -70000 0
20000.0 8150 -70000 1
20000.0 8150 -70000 0
24000.0 8150 -70000 1
24000.0 8150 -70000 0
28000.0 8150 -70000 1
28000.0 8150 -70000 0
0.0 -3850 -70000 1
0.0 -3850 -70000 0
4000.0 -3850 -70000 1
4000.0 -3850 -70000 0
8000.0 -3850 -70000 1
8000.0 -3850 -70000 0
12000.0 -3850 -70000 1
12000.0 -3850 -70000 0
16000.0 -3850 -70000 1
16000.0 -3850 -70000 0
20000.0 -3850 -70000 1
20000.0 -3850 -70000 0
24000.0 -3850 -70000 1
24000.0 -3850 -70000 0
28000.0 -3850 -70000 1
28000.0 -3850 -70000 0
28000.0 -3850 -70000 1
28000.0 -3850 -70000 0
24000.0 -3850 -70000 1
24000.0 -3850 -70000 0
20000.0 -3850 -70000 1
20000.0 -3850 -70000 0
16000.0 -3850 -70000 1
16000.0 -3850 -70000 0
12000.0 -3850 -70000 1
12000.0 -3850 -70000 0
8000.0 -3850 -70000 1
8000.0 -3850 -70000 0
4000.0 -3850 -70000 1
4000.0 -3850 -70000 0
0.0 -3850 -70000 1
0.0 -3850 -70000 0
0.0 -3850 -70000 1
0.0 -3850 -70000 0
4000.0 -3850 -70000 1
4000.0 -3850 -70000 0
8000.0 -3850 -70000 1
8000.0 -3850 -70000 0
12000.0 -3850 -70000 1
12000.0 -3850 -70000 0
16000.0 -3850 -70000 1
16000.0 -3850 -70000 0
20000.0 -3850 -70000 1
20000.0 -3850 -70000 0
24000.0 -3850 -70000 1
24000.0 -3850 -70000 0
28000.0 -3850 -70000 1
28000.0 -3850 -70000 0
28000.0 -3850 -70000 1
28000.0 -3850 -70000 0
24000.0 -3850 -70000 1
24000.0 -3850 -70000 0
20000.0 -3850 -70000 1
20000.0 -3850 -70000 0
16000.0 -3850 -70000 1
16000.0 -3850 -70000 0
12000.0 -3850 -70000 1
12000.0 -3850 -70000 0
8000.0 -3850 -70000 1
8000.0 -3850 -70000 0
4000.0 -3850 -70000 1
4000.0 -3850 -70000 0
0.0 -3850 -70000 1
0.0 -3850 -70000 0
0.0 -3850 -70000 1
0.0 -3850 -70000 0
4000.0 -3850 -70000 1
4000.0 -3850 -70000 0
8000.0 -3850 -70000 1
8000.0 -3850 -70000 0
12000.0 -3850 -70000 1
12000.0 -3850 -70000 0
16000.0 -3850 -70000 1
16000.0 -3850 -70000 0
20000.0 -3850 -70000 1
20000.0 -3850 -70000 0
24000.0 -3850 -70000 1
24000.0 -3850 -70000 0
28000.0 -3850 -70000 1
28000.0 -3850 -70000 0
0.0 150 -70000 1
0.0 150 -70000 0
4000.0 150 -70000 1
4000.0 150 -70000 0
8000.0 150 -70000 1
8000.0 150 -70000 0
12000.0 150 -70000 1
12000.0 150 -70000 0
16000.0 150 -70000 1
16000.0 150 -70000 0
20000.0 150 -70000 1
20000.0 150 -70000 0
24000.0 150 -70000 1
24000.0 150 -70000 0
28000.0 150 -70000 1
28000.0 150 -70000 0
28000.0 150 -70000 1
28000.0 150 -70000 0
24000.0 150 -70000 1
24000.0 150 -70000 0
20000.0 150 -70000 1
20000.0 150 -70000 0
16000.0 150 -70000 1
16000.0 150 -70000 0
12000.0 150 -70000 1
12000.0 150 -70000 0
8000.0 150 -70000 1
8000.0 150 -70000 0
4000.0 150 -70000 1
4000.0 150 -70000 0
0.0 150 -70000 1
0.0 150 -70000 0
0.0 150 -70000 1
0.0 150 -70000 0
4000.0 150 -70000 1
4000.0 150 -70000 0
8000.0 150 -70000 1
8000.0 150 -70000 0
12000.0 150 -70000 1
12000.0 150 -70000 0
16000.0 150 -70000 1
16000.0 150 -70000 0
20000.0 150 -70000 1
20000.0 150 -70000 0
24000.0 150 -70000 1
24000.0 150 -70000 0
28000.0 150 -70000 1
28000.0 150 -70000 0
28000.0 150 -70000 1
28000.0 150 -70000 0
24000.0 150 -70000 1
24000.0 150 -70000 0
20000.0 150 -70000 1
20000.0 150 -70000 0
16000.0 150 -70000 1
16000.0 150 -70000 0
12000.0 150 -70000 1
12000.0 150 -70000 0
8000.0 150 -70000 1
8000.0 150 -70000 0
4000.0 150 -70000 1
4000.0 150 -70000 0
0.0 150 -70000 1
0.0 150 -70000 0
0.0 150 -70000 1
0.0 150 -70000 0
4000.0 150 -70000 1
4000.0 150 -70000 0
8000.0 150 -70000 1
8000.0 150 -70000 0
12000.0 150 -70000 1
12000.0 150 -70000 0
16000.0 150 -70000 1
16000.0 150 -70000 0
20000.0 150 -70000 1
20000.0 150 -70000 0
24000.0 150 -70000 1
24000.0 150 -70000 0
28000.0 150 -70000 1
28000.0 150 -70000 0
0.0 4150 -64327 1
0.0 4150 -64327 0
4000.0 4150 -64327 1
4000.0 4150 -64327 0
8000.0 4150 -64327 1
8000.0 4150 -64327 0
12000.0 4150 -64327 1
12000.0 4150 -64327 0
16000.0 4150 -64327 1
16000.0 4150 -64327 0
20000.0 4150 -64327 1
20000.0 4150 -64327 0
24000.0 4150 -64327 1
24000.0 4150 -64327 0
28000.0 4150 -64327 1
28000.0 4150 -64327 0
28000.0 4150 -64327 1
28000.0 4150 -64327 0
24000.0 4150 -64327 1
24000.0 4150 -64327 0
20000.0 4150 -64327 1
20000.0 4150 -64327 0
16000.0 4150 -64327 1
16000.0 4150 -64327 0
12000.0 4150 -64327 1
12000.0 4150 -64327 0
8000.0 4150 -64327 1
8000.0 4150 -64327 0
4000.0 4150 -64327 1
4000.0 4150 -64327 0
0.0 4150 -64327 1
0.0 4150 -64327 0
0.0 4150 -64327 1
0.0 4150 -64327 0
4000.0 4150 -64327 1
4000.0 4150 -64327 0
8000.0 4150 -64327 1
8000.0 4150 -64327 0
12000.0 4150 -64327 1
12000.0 4150 -64327 0
16000.0 4150 -64327 1
16000.0 4150 -64327 0
20000.0 4150 -64327 1
20000.0 4150 -64327 0
24000.0 4150 -64327 1
24000.0 4150 -64327 0
28000.0 4150 -64327 1
28000.0 4150 -64327 0
28000.0 4150 -64327 1
28000.0 4150 -64327 0
24000.0 4150 -64327 1
24000.0 4150 -64327 0
20000.0 4150 -64327 1
20000.0 4150 -64327 0
16000.0 4150 -64327 1
16000.0 4150 -64327 0
12000.0 4150 -64327 1
12000.0 4150 -64327 0
8000.0 4150 -64327 1
8000.0 4150 -64327 0
4000.0 4150 -64327 1
4000.0 4150 -64327 0
0.0 4150 -64327 1
0.0 4150 -64327 0
0.0 4150 -64327 1
0.0 4150 -64327 0
4000.0 4150 -64327 1
4000.0 4150 -64327 0
8000.0 4150 -64327 1
8000.0 4150 -64327 0
12000.0 4150 -64327 1
12000.0 4150 -64327 0
16000.0 4150 -64327 1
16000.0 4150 -64327 0
20000.0 4150 -64327 1
20000.0 4150 -64327 0
24000.0 4150 -64327 1
24000.0 4150 -64327 0
28000.0 4150 -64327 1
28000.0 4150 -64327 0
0.0 8150 -64327 1
0.0 8150 -64327 0
4000.0 8150 -64327 1
4000.0 8150 -64327 0
8000.0 8150 -64327 1
8000.0 8150 -64327 0
12000.0 8150 -64327 1
12000.0 8150 -64327 0
16000.0 8150 -64327 1
16000.0 8150 -64327 0
20000.0 8150 -64327 1
20000.0 8150 -64327 0
24000.0 8150 -64327 1
24000.0 8150 -64327 0
28000.0 8150 -64327 1
28000.0 8150 -64327 0
28000.0 8150 -64327 1
28000.0 8150 -64327 0
24000.0 8150 -64327 1
24000.0 8150 -64327 0
20000.0 8150 -64327 1
20000.0 8150 -64327 0
16000.0 8150 -64327 1
16000.0 8150 -64327 0
12000.0 8150 -64327 1
12000.0 8150 -64327 0
8000.0 8150 -64327 1
8000.0 8150 -64327 0
4000.0 8150 -64327 1
4000.0 8150 -64327 0
0.0 8150 -64327 1
0.0 8150 -64327 0
0.0 8150 -64327 1
0.0 8150 -64327 0
4000.0 8150 -64327 1
4000.0 8150 -64327 0
8000.0 8150 -64327 1
8000.0 8150 -64327 0
12000.0 8150 -64327 1
12000.0 8150 -64327 0
16000.0 8150 -64327 1
16000.0 8150 -64327 0
20000.0 8150 -64327 1
20000.0 8150 -64327 0
24000.0 8150 -64327 1
24000.0 8150 -64327 0
28000.0 8150 -64327 1
28000.0 8150 -64327 0
28000.0 8150 -64327 1
28000.0 8150 -64327 0
24000.0 8150 -64327 1
24000.0 8150 -64327 0
20000.0 8150 -64327 1
20000.0 8150 -64327 0
16000.0 8150 -64327 1
16000.0 8150 -64327 0
12000.0 8150 -64327 1
12000.0 8150 -64327 0
8000.0 8150 -64327 1
8000.0 8150 -64327 0
4000.0 8150 -64327 1
4000.0 8150 -64327 0
0.0 8150 -64327 1
0.0 8150 -64327 0
0.0 8150 -64327 1
0.0 8150 -64327 0
4000.0 8150 -64327 1
4000.0 8150 -64327 0
8000.0 8150 -64327 1
8000.0 8150 -64327 0
12000.0 8150 -64327 1
12000.0 8150 -64327 0
16000.0 8150 -64327 1
16000.0 8150 -64327 0
20000.0 8150 -64327 1
20000.0 8150 -64327 0
24000.0 8150 -64327 1
24000.0 8150 -64327 0
28000.0 8150 -64327 1
28000.0 8150 -64327 0
0.0 -3850 -64327 1
0.0 -3850 -64327 0
4000.0 -3850 -64327 1
4000.0 -3850 -64327 0
8000.0 -3850 -64327 1
8000.0 -3850 -64327 0
12000.0 -3850 -64327 1
12000.0 -3850 -64327 0
16000.0 -3850 -64327 1
16000.0 -3850 -64327 0
20000.0 -3850 -64327 1
20000.0 -3850 -64327 0
24000.0 -3850 -64327 1
24000.0 -3850 -64327 0
28000.0 -3850 -64327 1
28000.0 -3850 -64327 0
28000.0 -3850 -64327 1
28000.0 -3850 -64327 0
24000.0 -3850 -64327 1
24000.0 -3850 -64327 0
20000.0 -3850 -64327 1
20000.0 -3850 -64327 0
16000.0 -3850 -64327 1
16000.0 -3850 -64327 0
12000.0 -3850 -64327 1
12000.0 -3850 -64327 0
8000.0 -3850 -64327 1
8000.0 -3850 -64327 0
4000.0 -3850 -64327 1
4000.0 -3850 -64327 0
0.0 -3850 -64327 1
0.0 -3850 -64327 0
0.0 -3850 -64327 1
0.0 -3850 -64327 0
4000.0 -3850 -64327 1
4000.0 -3850 -64327 0
8000.0 -3850 -64327 1
8000.0 -3850 -64327 0
12000.0 -3850 -64327 1
12000.0 -3850 -64327 0
16000.0 -3850 -64327 1
16000.0 -3850 -64327 0
20000.0 -3850 -64327 1
20000.0 -3850 -64327 0
24000.0 -3850 -64327 1
24000.0 -3850 -64327 0
28000.0 -3850 -64327 1
28000.0 -3850 -64327 0
28000.0 -3850 -64327 1
28000.0 -3850 -64327 0
24000.0 -3850 -64327 1
24000.0 -3850 -64327 0
20000.0 -3850 -64327 1
20000.0 -3850 -64327 0
16000.0 -3850 -64327 1
16000.0 -3850 -64327 0
12000.0 -3850 -64327 1
12000.0 -3850 -64327 0
8000.0 -3850 -64327 1
8000.0 -3850 -64327 0
4000.0 -3850 -64327 1
4000.0 -3850 -64327 0
0.0 -3850 -64327 1
0.0 -3850 -64327 0
0.0 -3850 -64327 1
0.0 -3850 -64327 0
4000.0 -3850 -64327 1
4000.0 -3850 -64327 0
8000.0 -3850 -64327 1
8000.0 -3850 -64327 0
12000.0 -3850 -64327 1
12000.0 -3850 -64327 0
16000.0 -3850 -64327 1
16000.0 -3850 -64327 0
20000.0 -3850 -64327 1
20000.0 -3850 -64327 0
24000.0 -3850 -64327 1
24000.0 -3850 -64327 0
28000.0 -3850 -64327 1
28000.0 -3850 -64327 0
0.0 150 -64327 1
0.0 150 -64327 0
4000.0 150 -64327 1
4000.0 150 -64327 0
8000.0 150 -64327 1
8000.0 150 -64327 0
12000.0 150 -64327 1
12000.0 150 -64327 0
16000.0 150 -64327 1
16000.0 150 -64327 0
20000.0 150 -64327 1
20000.0 150 -64327 0
24000.0 150 -64327 1
24000.0 150 -64327 0
28000.0 150 -64327 1
28000.0 150 -64327 0
28000.0 150 -64327 1
28000.0 150 -64327 0
24000.0 150 -64327 1
24000.0 150 -64327 0
20000.0 150 -64327 1
20000.0 150 -64327 0
16000.0 150 -64327 1
16000.0 150 -64327 0
12000.0 150 -64327 1
12000.0 150 -64327 0
8000.0 150 -64327 1
8000.0 150 -64327 0
4000.0 150 -64327 1
4000.0 150 -64327 0
0.0 150 -64327 1
0.0 150 -64327 0
0.0 150 -64327 1
0.0 150 -64327 0
4000.0 150 -64327 1
4000.0 150 -64327 0
8000.0 150 -64327 1
8000.0 150 -64327 0
12000.0 150 -64327 1
12000.0 150 -64327 0
16000.0 150 -64327 1
16000.0 150 -64327 0
20000.0 150 -64327 1
20000.0 150 -64327 0
24000.0 150 -64327 1
24000.0 150 -64327 0
28000.0 150 -64327 1
28000.0 150 -64327 0
28000.0 150 -64327 1
28000.0 150 -64327 0
24000.0 150 -64327 1
24000.0 150 -64327 0
20000.0 150 -64327 1
20000.0 150 -64327 0
16000.0 150 -64327 1
16000.0 150 -64327 0
12000.0 150 -64327 1
12000.0 150 -64327 0
8000.0 150 -64327 1
8000.0 150 -64327 0
4000.0 150 -64327 1
4000.0 150 -64327 0
0.0 150 -64327 1
0.0 150 -64327 0
0.0 150 -64327 1
0.0 150 -64327 0
4000.0 150 -64327 1
4000.0 150 -64327 0
8000.0 150 -64327 1
8000.0 150 -64327 0
12000.0 150 -64327 1
12000.0 150 -64327 0
16000.0 150 -64327 1
16000.0 150 -64327 0
20000.0 150 -64327 1
20000.0 150 -64327 0
24000.0 150 -64327 1
24000.0 150 -64327 0
28000.0 150 -64327 1
28000.0 150 -64327 0
0.0 4150 -58654 1
0.0 4150 -58654 0
4000.0 4150 -58654 1
4000.0 4150 -58654 0
8000.0 4150 -58654 1
8000.0 4150 -58654 0
12000.0 4150 -58654 1
12000.0 4150 -58654 0
16000.0 4150 -58654 1
16000.0 4150 -58654 0
20000.0 4150 -58654 1
20000.0 4150 -58654 0
24000.0 4150 -58654 1
24000.0 4150 -58654 0
28000.0 4150 -58654 1
28000.0 4150 -58654 0
28000.0 4150 -58654 1
28000.0 4150 -58654 0
24000.0 4150 -58654 1
24000.0 4150 -58654 0
20000.0 4150 -58654 1
20000.0 4150 -58654 0
16000.0 4150 -58654 1
16000.0 4150 -58654 0
12000.0 4150 -58654 1
12000.0 4150 -58654 0
8000.0 4150 -58654 1
8000.0 4150 -58654 0
4000.0 4150 -58654 1
4000.0 4150 -58654 0
0.0 4150 -58654 1
0.0 4150 -58654 0
0.0 4150 -58654 1
0.0 4150 -58654 0
4000.0 4150 -58654 1
4000.0 4150 -58654 0
8000.0 4150 -58654 1
8000.0 4150 -58654 0
12000.0 4150 -58654 1
12000.0 4150 -58654 0
16000.0 4150 -58654 1
16000.0 4150 -58654 0
20000.0 4150 -58654 1
20000.0 4150 -58654 0
24000.0 4150 -58654 1
24000.0 4150 -58654 0
28000.0 4150 -58654 1
28000.0 4150 -58654 0
28000.0 4150 -58654 1
28000.0 4150 -58654 0
24000.0 4150 -58654 1
24000.0 4150 -58654 0
20000.0 4150 -58654 1
20000.0 4150 -58654 0
16000.0 4150 -58654 1
16000.0 4150 -58654 0
12000.0 4150 -58654 1
12000.0 4150 -58654 0
8000.0 4150 -58654 1
8000.0 4150 -58654 0
4000.0 4150 -58654 1
4000.0 4150 -58654 0
0.0 4150 -58654 1
0.0 4150 -58654 0
0.0 4150 -58654 1
0.0 4150 -58654 0
4000.0 4150 -58654 1
4000.0 4150 -58654 0
8000.0 4150 -58654 1
8000.0 4150 -58654 0
12000.0 4150 -58654 1
12000.0 4150 -58654 0
16000.0 4150 -58654 1
16000.0 4150 -58654 0
20000.0 4150 -58654 1
20000.0 4150 -58654 0
24000.0 4150 -58654 1
24000.0 4150 -58654 0
28000.0 4150 -58654 1
28000.0 4150 -58654 0
0.0 8150 -58654 1
0.0 8150 -58654 0
4000.0 8150 -58654 1
4000.0 8150 -58654 0
8000.0 8150 -58654 1
8000.0 8150 -58654 0
12000.0 8150 -58654 1
12000.0 8150 -58654 0
16000.0 8150 -58654 1
16000.0 8150 -58654 0
20000.0 8150 -58654 1
20000.0 8150 -58654 0
24000.0 8150 -58654 1
24000.0 8150 -58654 0
28000.0 8150 -58654 1
28000.0 8150 -58654 0
28000.0 8150 -58654 1
28000.0 8150 -58654 0
24000.0 8150 -58654 1
24000.0 8150 -58654 0
20000.0 8150 -58654 1
20000.0 8150 -58654 0
16000.0 8150 -58654 1
16000.0 8150 -58654 0
12000.0 8150 -58654 1
12000.0 8150 -58654 0
8000.0 8150 -58654 1
8000.0 8150 -58654 0
4000.0 8150 -58654 1
4000.0 8150 -58654 0
0.0 8150 -58654 1
0.0 8150 -58654 0
0.0 8150 -58654 1
0.0 8150 -58654 0
4000.0 8150 -58654 1
4000.0 8150 -58654 0
8000.0 8150 -58654 1
8000.0 8150 -58654 0
12000.0 8150 -58654 1
12000.0 8150 -58654 0
16000.0 8150 -58654 1
16000.0 8150 -58654 0
20000.0 8150 -58654 1
20000.0 8150 -58654 0
24000.0 8150 -58654 1
24000.0 8150 -58654 0
28000.0 8150 -58654 1
28000.0 8150 -58654 0
28000.0 8150 -58654 1
28000.0 8150 -58654 0
24000.0 8150 -58654 1
24000.0 8150 -58654 0
20000.0 8150 -58654 1
20000.0 8150 -58654 0
16000.0 8150 -58654 1
16000.0 8150 -58654 0
12000.0 8150 -58654 1
12000.0 8150 -58654 0
8000.0 8150 -58654 1
8000.0 8150 -58654 0
4000.0 8150 -58654 1
4000.0 8150 -58654 0
0.0 8150 -58654 1
0.0 8150 -58654 0
0.0 8150 -58654 1
0.0 8150 -58654 0
4000.0 8150 -58654 1
4000.0 8150 -58654 0
8000.0 8150 -58654 1
8000.0 8150 -58654 0
12000.0 8150 -58654 1
12000.0 8150 -58654 0
16000.0 8150 -58654 1
16000.0 8150 -58654 0
20000.0 8150 -58654 1
20000.0 8150 -58654 0
24000.0 8150 -58654 1
24000.0 8150 -58654 0
28000.0 8150 -58654 1
28000.0 8150 -58654 0
0.0 -3850 -58654 1
0.0 -3850 -58654 0
4000.0 -3850 -58654 1
4000.0 -3850 -58654 0
8000.0 -3850 -58654 1
8000.0 -3850 -58654 0
12000.0 -3850 -58654 1
12000.0 -3850 -58654 0
16000.0 -3850 -58654 1
16000.0 -3850 -58654 0
20000.0 -3850 -58654 1
20000.0 -3850 -58654 0
24000.0 -3850 -58654 1
24000.0 -3850 -58654 0
28000.0 -3850 -58654 1
28000.0 -3850 -58654 0
28000.0 -3850 -58654 1
28000.0 -3850 -58654 0
24000.0 -3850 -58654 1
24000.0 -3850 -58654 0
20000.0 -3850 -58654 1
20000.0 -3850 -58654 0
16000.0 -3850 -58654 1
16000.0 -3850 -58654 0
12000.0 -3850 -58654 1
12000.0 -3850 -58654 0
8000.0 -3850 -58654 1
8000.0 -3850 -58654 0
4000.0 -3850 -58654 1
4000.0 -3850 -58654 0
0.0 -3850 -58654 1
0.0 -3850 -58654 0
0.0 -3850 -58654 1
0.0 -3850 -58654 0
4000.0 -3850 -58654 1
4000.0 -3850 -58654 0
8000.0 -3850 -58654 1
8000.0 -3850 -58654 0
12000.0 -3850 -58654 1
12000.0 -3850 -58654 0
16000.0 -3850 -58654 1
16000.0 -3850 -58654 0
20000.0 -3850 -58654 1
20000.0 -3850 -58654 0
24000.0 -3850 -58654 1
24000.0 -3850 -58654 0
28000.0 -3850 -58654 1
28000.0 -3850 -58654 0
28000.0 -3850 -58654 1
28000.0 -3850 -58654 0
24000.0 -3850 -58654 1
24000.0 -3850 -58654 0
20000.0 -3850 -58654 1
20000.0 -3850 -58654 0
16000.0 -3850 -58654 1
16000.0 -3850 -58654 0
12000.0 -3850 -58654 1
12000.0 -3850 -58654 0
8000.0 -3850 -58654 1
8000.0 -3850 -58654 0
4000.0 -3850 -58654 1
4000.0 -3850 -58654 0
0.0 -3850 -58654 1
0.0 -3850 -58654 0
0.0 -3850 -58654 1
0.0 -3850 -58654 0
4000.0 -3850 -58654 1
4000.0 -3850 -58654 0
8000.0 -3850 -58654 1
8000.0 -3850 -58654 0
12000.0 -3850 -58654 1
12000.0 -3850 -58654 0
16000.0 -3850 -58654 1
16000.0 -3850 -58654 0
20000.0 -3850 -58654 1
20000.0 -3850 -58654 0
24000.0 -3850 -58654 1
24000.0 -3850 -58654 0
28000.0 -3850 -58654 1
28000.0 -3850 -58654 0
0.0 150 -58654 1
0.0 150 -58654 0
4000.0 150 -58654 1
4000.0 150 -58654 0
8000.0 150 -58654 1
8000.0 150 -58654 0
12000.0 150 -58654 1
12000.0 150 -58654 0
16000.0 150 -58654 1
16000.0 150 -58654 0
20000.0 150 -58654 1
20000.0 150 -58654 0
24000.0 150 -58654 1
24000.0 150 -58654 0
28000.0 150 -58654 1
28000.0 150 -58654 0
28000.0 150 -58654 1
28000.0 150 -58654 0
24000.0 150 -58654 1
24000.0 150 -58654 0
20000.0 150 -58654 1
20000.0 150 -58654 0
16000.0 150 -58654 1
16000.0 150 -58654 0
12000.0 150 -58654 1
12000.0 150 -58654 0
8000.0 150 -58654 1
8000.0 150 -58654 0
4000.0 150 -58654 1
4000.0 150 -58654 0
0.0 150 -58654 1
0.0 150 -58654 0
0.0 150 -58654 1
0.0 150 -58654 0
4000.0 150 -58654 1
4000.0 150 -58654 0
8000.0 150 -58654 1
8000.0 150 -58654 0
12000.0 150 -58654 1
12000.0 150 -58654 0
16000.0 150 -58654 1
16000.0 150 -58654 0
20000.0 150 -58654 1
20000.0 150 -58654 0
24000.0 150 -58654 1
24000.0 150 -58654 0
28000.0 150 -58654 1
28000.0 150 -58654 0
28000.0 150 -58654 1
28000.0 150 -58654 0
24000.0 150 -58654 1
24000.0 150 -58654 0
20000.0 150 -58654 1
20000.0 150 -58654 0
16000.0 150 -58654 1
16000.0 150 -58654 0
12000.0 150 -58654 1
12000.0 150 -58654 0
8000.0 150 -58654 1
8000.0 150 -58654 0
4000.0 150 -58654 1
4000.0 150 -58654 0
0.0 150 -58654 1
0.0 150 -58654 0
0.0 150 -58654 1
0.0 150 -58654 0
4000.0 150 -58654 1
4000.0 150 -58654 0
8000.0 150 -58654 1
8000.0 150 -58654 0
12000.0 150 -58654 1
12000.0 150 -58654 0
16000.0 150 -58654 1
16000.0 150 -58654 0
20000.0 150 -58654 1
20000.0 150 -58654 0
24000.0 150 -58654 1
24000.0 150 -58654 0
28000.0 150 -58654 1
28000.0 150 -58654 0
0.0 4150 -52981 1
0.0 4150 -52981 0
4000.0 4150 -52981 1
4000.0 4150 -52981 0
8000.0 4150 -52981 1
8000.0 4150 -52981 0
12000.0 4150 -52981 1
12000.0 4150 -52981 0
16000.0 4150 -52981 1
16000.0 4150 -52981 0
20000.0 4150 -52981 1
20000.0 4150 -52981 0
24000.0 4150 -52981 1
24000.0 4150 -52981 0
28000.0 4150 -52981 1
28000.0 4150 -52981 0
28000.0 4150 -52981 1
28000.0 4150 -52981 0
24000.0 4150 -52981 1
24000.0 4150 -52981 0
20000.0 4150 -52981 1
20000.0 4150 -52981 0
16000.0 4150 -52981 1
16000.0 4150 -52981 0
12000.0 4150 -52981 1
12000.0 4150 -52981 0
8000.0 4150 -52981 1
8000.0 4150 -52981 0
4000.0 4150 -52981 1
4000.0 4150 -52981 0
0.0 4150 -52981 1
0.0 4150 -52981 0
0.0 4150 -52981 1
0.0 4150 -52981 0
4000.0 4150 -52981 1
4000.0 4150 -52981 0
8000.0 4150 -52981 1
8000.0 4150 -52981 0
12000.0 4150 -52981 1
12000.0 4150 -52981 0
16000.0 4150 -52981 1
16000.0 4150 -52981 0
20000.0 4150 -52981 1
20000.0 4150 -52981 0
24000.0 4150 -52981 1
24000.0 4150 -52981 0
28000.0 4150 -52981 1
28000.0 4150 -52981 0
28000.0 4150 -52981 1
28000.0 4150 -52981 0
24000.0 4150 -52981 1
24000.0 4150 -52981 0
20000.0 4150 -52981 1
20000.0 4150 -52981 0
16000.0 4150 -52981 1
16000.0 4150 -52981 0
12000.0 4150 -52981 1
12000.0 4150 -52981 0
8000.0 4150 -52981 1
8000.0 4150 -52981 0
4000.0 4150 -52981 1
4000.0 4150 -52981 0
0.0 4150 -52981 1
0.0 4150 -52981 0
0.0 4150 -52981 1
0.0 4150 -52981 0
4000.0 4150 -52981 1
4000.0 4150 -52981 0
8000.0 4150 -52981 1
8000.0 4150 -52981 0
12000.0 4150 -52981 1
12000.0 4150 -52981 0
16000.0 4150 -52981 1
16000.0 4150 -52981 0
20000.0 4150 -52981 1
20000.0 4150 -52981 0
24000.0 4150 -52981 1
24000.0 4150 -52981 0
28000.0 4150 -52981 1
28000.0 4150 -52981 0
0.0 8150 -52981 1
0.0 8150 -52981 0
4000.0 8150 -52981 1
4000.0 8150 -52981 0
8000.0 8150 -52981 1
8000.0 8150 -52981 0
12000.0 8150 -52981 1
12000.0 8150 -52981 0
16000.0 8150 -52981 1
16000.0 8150 -52981 0
20000.0 8150 -52981 1
20000.0 8150 -52981 0
24000.0 8150 -52981 1
24000.0 8150 -52981 0
28000.0 8150 -52981 1
28000.0 8150 -52981 0
28000.0 8150 -52981 1
28000.0 8150 -52981 0
24000.0 8150 -52981 1
24000.0 8150 -52981 0
20000.0 8150 -52981 1
20000.0 8150 -52981 0
16000.0 8150 -52981 1
16000.0 8150 -52981 0
12000.0 8150 -52981 1
12000.0 8150 -52981 0
8000.0 8150 -52981 1
8000.0 8150 -52981 0
4000.0 8150 -52981 1
4000.0 8150 -52981 0
0.0 8150 -52981 1
0.0 8150 -52981 0
0.0 8150 -52981 1
0.0 8150 -52981 0
4000.0 8150 -52981 1
4000.0 8150 -52981 0
8000.0 8150 -52981 1
8000.0 8150 -52981 0
12000.0 8150 -52981 1
12000.0 8150 -52981 0
16000.0 8150 -52981 1
16000.0 8150 -52981 0
20000.0 8150 -52981 1
20000.0 8150 -52981 0
24000.0 8150 -52981 1
24000.0 8150 -52981 0
28000.0 8150 -52981 1
28000.0 8150 -52981 0
28000.0 8150 -52981 1
28000.0 8150 -52981 0
24000.0 8150 -52981 1
24000.0 8150 -52981 0
20000.0 8150 -52981 1
20000.0 8150 -52981 0
16000.0 8150 -52981 1
16000.0 8150 -52981 0
12000.0 8150 -52981 1
12000.0 8150 -52981 0
8000.0 8150 -52981 1
8000.0 8150 -52981 0
4000.0 8150 -52981 1
4000.0 8150 -52981 0
0.0 8150 -52981 1
0.0 8150 -52981 0
0.0 8150 -52981 1
0.0 8150 -52981 0
4000.0 8150 -52981 1
4000.0 8150 -52981 0
8000.0 8150 -52981 1
8000.0 8150 -52981 0
12000.0 8150 -52981 1
12000.0 8150 -52981 0
16000.0 8150 -52981 1
16000.0 8150 -52981 0
20000.0 8150 -52981 1
20000.0 8150 -52981 0
24000.0 8150 -52981 1
24000.0 8150 -52981 0
28000.0 8150 -52981 1
28000.0 8150 -52981 0
0.0 -3850 -52981 1
0.0 -3850 -52981 0
4000.0 -3850 -52981 1
4000.0 -3850 -52981 0
8000.0 -3850 -52981 1
8000.0 -3850 -52981 0
12000.0 -3850 -52981 1
12000.0 -3850 -52981 0
16000.0 -3850 -52981 1
16000.0 -3850 -52981 0
20000.0 -3850 -52981 1
20000.0 -3850 -52981 0
24000.0 -3850 -52981 1
24000.0 -3850 -52981 0
28000.0 -3850 -52981 1
28000.0 -3850 -52981 0
28000.0 -3850 -52981 1
28000.0 -3850 -52981 0
24000.0 -3850 -52981 1
24000.0 -3850 -52981 0
20000.0 -3850 -52981 1
20000.0 -3850 -52981 0
16000.0 -3850 -52981 1
16000.0 -3850 -52981 0
12000.0 -3850 -52981 1
12000.0 -3850 -52981 0
8000.0 -3850 -52981 1
8000.0 -3850 -52981 0
4000.0 -3850 -52981 1
4000.0 -3850 -52981 0
0.0 -3850 -52981 1
0.0 -3850 -52981 0
0.0 -3850 -52981 1
0.0 -3850 -52981 0
4000.0 -3850 -52981 1
4000.0 -3850 -52981 0
8000.0 -3850 -52981 1
8000.0 -3850 -52981 0
12000.0 -3850 -52981 1
12000.0 -3850 -52981 0
16000.0 -3850 -52981 1
16000.0 -3850 -52981 0
20000.0 -3850 -52981 1
20000.0 -3850 -52981 0
24000.0 -3850 -52981 1
24000.0 -3850 -52981 0
28000.0 -3850 -52981 1
28000.0 -3850 -52981 0
28000.0 -3850 -52981 1
28000.0 -3850 -52981 0
24000.0 -3850 -52981 1
24000.0 -3850 -52981 0
20000.0 -3850 -52981 1
20000.0 -3850 -52981 0
16000.0 -3850 -52981 1
16000.0 -3850 -52981 0
12000.0 -3850 -52981 1
12000.0 -3850 -52981 0
8000.0 -3850 -52981 1
8000.0 -3850 -52981 0
4000.0 -3850 -52981 1
4000.0 -3850 -52981 0
0.0 -3850 -52981 1
0.0 -3850 -52981 0
0.0 -3850 -52981 1
0.0 -3850 -52981 0
4000.0 -3850 -52981 1
4000.0 -3850 -52981 0
8000.0 -3850 -52981 1
8000.0 -3850 -52981 0
12000.0 -3850 -52981 1
12000.0 -3850 -52981 0
16000.0 -3850 -52981 1
16000.0 -3850 -52981 0
20000.0 -3850 -52981 1
20000.0 -3850 -52981 0
24000.0 -3850 -52981 1
24000.0 -3850 -52981 0
28000.0 -3850 -52981 1
28000.0 -3850 -52981 0
0.0 150 -52981 1
0.0 150 -52981 0
4000.0 150 -52981 1
4000.0 150 -52981 0
8000.0 150 -52981 1
8000.0 150 -52981 0
12000.0 150 -52981 1
12000.0 150 -52981 0
16000.0 150 -52981 1
16000.0 150 -52981 0
20000.0 150 -52981 1
20000.0 150 -52981 0
24000.0 150 -52981 1
24000.0 150 -52981 0
28000.0 150 -52981 1
28000.0 150 -52981 0
28000.0 150 -52981 1
28000.0 150 -52981 0
24000.0 150 -52981 1
24000.0 150 -52981 0
20000.0 150 -52981 1
20000.0 150 -52981 0
16000.0 150 -52981 1
16000.0 150 -52981 0
12000.0 150 -52981 1
12000.0 150 -52981 0
8000.0 150 -52981 1
8000.0 150 -52981 0
4000.0 150 -52981 1
4000.0 150 -52981 0
0.0 150 -52981 1
0.0 150 -52981 0
0.0 150 -52981 1
0.0 150 -52981 0
4000.0 150 -52981 1
4000.0 150 -52981 0
8000.0 150 -52981 1
8000.0 150 -52981 0
12000.0 150 -52981 1
12000.0 150 -52981 0
16000.0 150 -52981 1
16000.0 150 -52981 0
20000.0 150 -52981 1
20000.0 150 -52981 0
24000.0 150 -52981 1
24000.0 150 -52981 0
28000.0 150 -52981 1
28000.0 150 -52981 0
28000.0 150 -52981 1
28000.0 150 -52981 0
24000.0 150 -52981 1
24000.0 150 -52981 0
20000.0 150 -52981 1
20000.0 150 -52981 0
16000.0 150 -52981 1
16000.0 150 -52981 0
12000.0 150 -52981 1
12000.0 150 -52981 0
8000.0 150 -52981 1
8000.0 150 -52981 0
4000.0 150 -52981 1
4000.0 150 -52981 0
0.0 150 -52981 1
0.0 150 -52981 0
0.0 150 -52981 1
0.0 150 -52981 0
4000.0 150 -52981 1
4000.0 150 -52981 0
8000.0 150 -52981 1
8000.0 150 -52981 0
12000.0 150 -52981 1
12000.0 150 -52981 0
16000.0 150 -52981 1
16000.0 150 -52981 0
20000.0 150 -52981 1
20000.0 150 -52981 0
24000.0 150 -52981 1
24000.0 150 -52981 0
28000.0 150 -52981 1
28000.0 150 -52981 0
0.0 4150 -47308 1
0.0 4150 -47308 0
4000.0 4150 -47308 1
4000.0 4150 -47308 0
8000.0 4150 -47308 1
8000.0 4150 -47308 0
12000.0 4150 -47308 1
12000.0 4150 -47308 0
16000.0 4150 -47308 1
16000.0 4150 -47308 0
20000.0 4150 -47308 1
20000.0 4150 -47308 0
24000.0 4150 -47308 1
24000.0 4150 -47308 0
28000.0 4150 -47308 1
28000.0 4150 -47308 0
28000.0 4150 -47308 1
28000.0 4150 -47308 0
24000.0 4150 -47308 1
24000.0 4150 -47308 0
20000.0 4150 -47308 1
20000.0 4150 -47308 0
16000.0 4150 -47308 1
16000.0 4150 -47308 0
12000.0 4150 -47308 1
12000.0 4150 -47308 0
8000.0 4150 -47308 1
8000.0 4150 -47308 0
4000.0 4150 -47308 1
4000.0 4150 -47308 0
0.0 4150 -47308 1
0.0 4150 -47308 0
0.0 4150 -47308 1
0.0 4150 -47308 0
4000.0 4150 -47308 1
4000.0 4150 -47308 0
8000.0 4150 -47308 1
8000.0 4150 -47308 0
12000.0 4150 -47308 1
12000.0 4150 -47308 0
16000.0 4150 -47308 1
16000.0 4150 -47308 0
20000.0 4150 -47308 1
20000.0 4150 -47308 0
24000.0 4150 -47308 1
24000.0 4150 -47308 0
28000.0 4150 -47308 1
28000.0 4150 -47308 0
28000.0 4150 -47308 1
28000.0 4150 -47308 0
24000.0 4150 -47308 1
24000.0 4150 -47308 0
20000.0 4150 -47308 1
20000.0 4150 -47308 0
16000.0 4150 -47308 1
16000.0 4150 -47308 0
12000.0 4150 -47308 1
12000.0 4150 -47308 0
8000.0 4150 -47308 1
8000.0 4150 -47308 0
4000.0 4150 -47308 1
4000.0 4150 -47308 0
0.0 4150 -47308 1
0.0 4150 -47308 0
0.0 4150 -47308 1
0.0 4150 -47308 0
4000.0 4150 -47308 1
4000.0 4150 -47308 0
8000.0 4150 -47308 1
8000.0 4150 -47308 0
12000.0 4150 -47308 1
12000.0 4150 -47308 0
16000.0 4150 -47308 1
16000.0 4150 -47308 0
20000.0 4150 -47308 1
20000.0 4150 -47308 0
24000.0 4150 -47308 1
24000.0 4150 -47308 0
28000.0 4150 -47308 1
28000.0 4150 -47308 0
0.0 8150 -47308 1
0.0 8150 -47308 0
4000.0 8150 -47308 1
4000.0 8150 -47308 0
8000.0 8150 -47308 1
8000.0 8150 -47308 0
12000.0 8150 -47308 1
12000.0 8150 -47308 0
16000.0 8150 -47308 1
16000.0 8150 -47308 0
20000.0 8150 -47308 1
20000.0 8150 -47308 0
24000.0 8150 -47308 1
24000.0 8150 -47308 0
28000.0 8150 -47308 1
28000.0 8150 -47308 0
28000.0 8150 -47308 1
28000.0 8150 -47308 0
24000.0 8150 -47308 1
24000.0 8150 -47308 0
20000.0 8150 -47308 1
20000.0 8150 -47308 0
16000.0 8150 -47308 1
16000.0 8150 -47308 0
12000.0 8150 -47308 1
12000.0 8150 -47308 0
8000.0 8150 -47308 1
8000.0 8150 -47308 0
4000.0 8150 -47308 1
4000.0 8150 -47308 0
0.0 8150 -47308 1
0.0 8150 -47308 0
0.0 8150 -47308 1
0.0 8150 -47308 0
4000.0 8150 -47308 1
4000.0 8150 -47308 0
8000.0 8150 -47308 1
8000.0 8150 -47308 0
12000.0 8150 -47308 1
12000.0 8150 -47308 0
16000.0 8150 -47308 1
16000.0 8150 -47308 0
20000.0 8150 -47308 1
20000.0 8150 -47308 0
24000.0 8150 -47308 1
24000.0 8150 -47308 0
28000.0 8150 -47308 1
28000.0 8150 -47308 0
28000.0 8150 -47308 1
28000.0 8150 -47308 0
24000.0 8150 -47308 1
24000.0 8150 -47308 0
20000.0 8150 -47308 1
20000.0 8150 -47308 0
16000.0 8150 -47308 1
16000.0 8150 -47308 0
12000.0 8150 -47308 1
12000.0 8150 -47308 0
8000.0 8150 -47308 1
8000.0 8150 -47308 0
4000.0 8150 -47308 1
4000.0 8150 -47308 0
0.0 8150 -47308 1
0.0 8150 -47308 0
0.0 8150 -47308 1
0.0 8150 -47308 0
4000.0 8150 -47308 1
4000.0 8150 -47308 0
8000.0 8150 -47308 1
8000.0 8150 -47308 0
12000.0 8150 -47308 1
12000.0 8150 -47308 0
16000.0 8150 -47308 1
16000.0 8150 -47308 0
20000.0 8150 -47308 1
20000.0 8150 -47308 0
24000.0 8150 -47308 1
24000.0 8150 -47308 0
28000.0 8150 -47308 1
28000.0 8150 -47308 0
0.0 -3850 -47308 1
0.0 -3850 -47308 0
4000.0 -3850 -47308 1
4000.0 -3850 -47308 0
8000.0 -3850 -47308 1
8000.0 -3850 -47308 0
12000.0 -3850 -47308 1
12000.0 -3850 -47308 0
16000.0 -3850 -47308 1
16000.0 -3850 -47308 0
20000.0 -3850 -47308 1
20000.0 -3850 -47308 0
24000.0 -3850 -47308 1
24000.0 -3850 -47308 0
28000.0 -3850 -47308 1
28000.0 -3850 -47308 0
28000.0 -3850 -47308 1
28000.0 -3850 -47308 0
24000.0 -3850 -47308 1
24000.0 -3850 -47308 0
20000.0 -3850 -47308 1
20000.0 -3850 -47308 0
16000.0 -3850 -47308 1
16000.0 -3850 -47308 0
12000.0 -3850 -47308 1
12000.0 -3850 -47308 0
8000.0 -3850 -47308 1
8000.0 -3850 -47308 0
4000.0 -3850 -47308 1
4000.0 -3850 -47308 0
0.0 -3850 -47308 1
0.0 -3850 -47308 0
0.0 -3850 -47308 1
0.0 -3850 -47308 0
4000.0 -3850 -47308 1
4000.0 -3850 -47308 0
8000.0 -3850 -47308 1
8000.0 -3850 -47308 0
12000.0 -3850 -47308 1
12000.0 -3850 -47308 0
16000.0 -3850 -47308 1
16000.0 -3850 -47308 0
20000.0 -3850 -47308 1
20000.0 -3850 -47308 0
24000.0 -3850 -47308 1
24000.0 -3850 -47308 0
28000.0 -3850 -47308 1
28000.0 -3850 -47308 0
28000.0 -3850 -47308 1
28000.0 -3850 -47308 0
24000.0 -3850 -47308 1
24000.0 -3850 -47308 0
20000.0 -3850 -47308 1
20000.0 -3850 -47308 0
16000.0 -3850 -47308 1
16000.0 -3850 -47308 0
12000.0 -3850 -47308 1
12000.0 -3850 -47308 0
8000.0 -3850 -47308 1
8000.0 -3850 -47308 0
4000.0 -3850 -47308 1
4000.0 -3850 -47308 0
0.0 -3850 -47308 1
0.0 -3850 -47308 0
0.0 -3850 -47308 1
0.0 -3850 -47308 0
4000.0 -3850 -47308 1
4000.0 -3850 -47308 0
8000.0 -3850 -47308 1
8000.0 -3850 -47308 0
12000.0 -3850 -47308 1
12000.0 -3850 -47308 0
16000.0 -3850 -47308 1
16000.0 -3850 -47308 0
20000.0 -3850 -47308 1
20000.0 -3850 -47308 0
24000.0 -3850 -47308 1
24000.0 -3850 -47308 0
28000.0 -3850 -47308 1
28000.0 -3850 -47308 0
0.0 150 -47308 1
0.0 150 -47308 0
4000.0 150 -47308 1
4000.0 150 -47308 0
8000.0 150 -47308 1
8000.0 150 -47308 0
12000.0 150 -47308 1
12000.0 150 -47308 0
16000.0 150 -47308 1
16000.0 150 -47308 0
20000.0 150 -47308 1
20000.0 150 -47308 0
24000.0 150 -47308 1
24000.0 150 -47308 0
28000.0 150 -47308 1
28000.0 150 -47308 0
28000.0 150 -47308 1
28000.0 150 -47308 0
24000.0 150 -47308 1
24000.0 150 -47308 0
20000.0 150 -47308 1
20000.0 150 -47308 0
16000.0 150 -47308 1
16000.0 150 -47308 0
12000.0 150 -47308 1
12000.0 150 -47308 0
8000.0 150 -47308 1
8000.0 150 -47308 0
4000.0 150 -47308 1
4000.0 150 -47308 0
0.0 150 -47308 1
0.0 150 -47308 0
0.0 150 -47308 1
0.0 150 -47308 0
4000.0 150 -47308 1
4000.0 150 -47308 0
8000.0 150 -47308 1
8000.0 150 -47308 0
12000.0 150 -47308 1
12000.0 150 -47308 0
16000.0 150 -47308 1
16000.0 150 -47308 0
20000.0 150 -47308 1
20000.0 150 -47308 0
24000.0 150 -47308 1
24000.0 150 -47308 0
28000.0 150 -47308 1
28000.0 150 -47308 0
28000.0 150 -47308 1
28000.0 150 -47308 0
24000.0 150 -47308 1
24000.0 150 -47308 0
20000.0 150 -47308 1
20000.0 150 -47308 0
16000.0 150 -47308 1
16000.0 150 -47308 0
12000.0 150 -47308 1
12000.0 150 -47308 0
8000.0 150 -47308 1
8000.0 150 -47308 0
4000.0 150 -47308 1
4000.0 150 -47308 0
0.0 150 -47308 1
0.0 150 -47308 0
0.0 150 -47308 1
0.0 150 -47308 0
4000.0 150 -47308 1
4000.0 150 -47308 0
8000.0 150 -47308 1
8000.0 150 -47308 0
12000.0 150 -47308 1
12000.0 150 -47308 0
16000.0 150 -47308 1
16000.0 150 -47308 0
20000.0 150 -47308 1
20000.0 150 -47308 0
24000.0 150 -47308 1
24000.0 150 -47308 0
28000.0 150 -47308 1
28000.0 150 -47308 0