4525 4000 -70000.0 1
4525 4000 -70000.0 0
4525 4000 -66500.0 1
4525 4000 -66500.0 0
4525 4000 -63000.0 1
4525 4000 -63000.0 0
4525 4000 -59500.0 1
4525 4000 -59500.0 0
4525 4000 -56000.0 1
4525 4000 -56000.0 0
4525 4000 -52500.0 1
4525 4000 -52500.0 0
4525 4000 -49000.0 1
4525 4000 -49000.0 0
4525 4000 -45500.0 1
4525 4000 -45500.0 0
4525 4000 -42000.0 1
4525 4000 -42000.0 0
4525 4000 -38500.0 1
4525 4000 -38500.0 0
4525 4000 -35000.0 1
4525 4000 -35000.0 0
4525 4000 -35000.0 1
4525 4000 -35000.0 0
4525 4000 -38500.0 1
4525 4000 -38500.0 0
4525 4000 -42000.0 1
4525 4000 -42000.0 0
4525 4000 -45500.0 1
4525 4000 -45500.0 0
4525 4000 -49000.0 1
4525 4000 -49000.0 0
4525 4000 -52500.0 1
4525 4000 -52500.0 0
4525 4000 -56000.0 1
4525 4000 -56000.0 0
4525 4000 -59500.0 1
4525 4000 -59500.0 0
4525 4000 -63000.0 1
4525 4000 -63000.0 0
4525 4000 -66500.0 1
4525 4000 -66500.0 0
4525 4000 -70000.0 1
4525 4000 -70000.0 0
4525 4000 -70000.0 1
4525 4000 -70000.0 0
4525 4000 -66500.0 1
4525 4000 -66500.0 0
4525 4000 -63000.0 1
4525 4000 -63000.0 0
4525 4000 -59500.0 1
4525 4000 -59500.0 0
4525 4000 -56000.0 1
4525 4000 -56000.0 0
4525 4000 -52500.0 1
4525 4000 -52500.0 0
4525 4000 -49000.0 1
4525 4000 -49000.0 0
4525 4000 -45500.0 1
4525 4000 -45500.0 0
4525 4000 -42000.0 1
4525 4000 -42000.0 0
4525 4000 -38500.0 1
4525 4000 -38500.0 0
4525 4000 -35000.0 1
4525 4000 -35000.0 0
2525 4000 -52032 1
2525 4000 -52032 0
4525 4000 -52032 1
4525 4000 -52032 0
8525 4000 -52032 1
8525 4000 -52032 0
12525 4000 -52032 1
12525 4000 -52032 0
16525 4000 -52032 1
16525 4000 -52032 0
20525 4000 -52032 1
20525 4000 -52032 0
24525 4000 -52032 1
24525 4000 -52032 0
28525 4000 -52032 1
28525 4000 -52032 0
32525 4000 -52032 1
32525 4000 -52032 0
32525 4000 -52032 1
32525 4000 -52032 0
28525 4000 -52032 1
28525 4000 -52032 0
24525 4000 -52032 1
24525 4000 -52032 0
20525 4000 -52032 1
20525 4000 -52032 0
16525 4000 -52032 1
16525 4000 -52032 0
12525 4000 -52032 1
12525 4000 -52032 0
8525 4000 -52032 1
8525 4000 -52032 0
4525 4000 -52032 1
4525 4000 -52032 0
2525 4000 -52032 1
2525 4000 -52032 0
2525 4000 -52032 1
2525 4000 -52032 0
4525 4000 -52032 1
4525 4000 -52032 0
8525 4000 -52032 1
8525 4000 -52032 0
12525 4000 -52032 1
12525 4000 -52032 0
16525 4000 -52032 1
16525 4000 -52032 0
20525 4000 -52032 1
20525 4000 -52032 0
24525 4000 -52032 1
24525 4000 -52032 0
28525 4000 -52032 1
28525 4000 -52032 0
32525 4000 -52032 1
32525 4000 -52032 0
2525 8000 -52032 1
2525 8000 -52032 0
4525 8000 -52032 1
4525 8000 -52032 0
8525 8000 -52032 1
8525 8000 -52032 0
12525 8000 -52032 1
12525 8000 -52032 0
16525 8000 -52032 1
16525 8000 -52032 0
20525 8000 -52032 1
20525 8000 -52032 0
24525 8000 -52032 1
24525 8000 -52032 0
28525 8000 -52032 1
28525 8000 -52032 0
32525 8000 -52032 1
32525 8000 -52032 0
32525 8000 -52032 1
32525 8000 -52032 0
28525 8000 -52032 1
28525 8000 -52032 0
24525 8000 -52032 1
24525 8000 -52032 0
20525 8000 -52032 1
20525 8000 -52032 0
16525 8000 -52032 1
16525 8000 -52032 0
12525 8000 -52032 1
12525 8000 -52032 0
8525 8000 -52032 1
8525 8000 -52032 0
4525 8000 -52032 1
4525 8000 -52032 0
2525 8000 -52032 1
2525 8000 -52032 0
2525 8000 -52032 1
2525 8000 -52032 0
4525 8000 -52032 1
4525 8000 -52032 0
8525 8000 -52032 1
8525 8000 -52032 0
12525 8000 -52032 1
12525 8000 -52032 0
16525 8000 -52032 1
16525 8000 -52032 0
20525 8000 -52032 1
20525 8000 -52032 0
24525 8000 -52032 1
24525 8000 -52032 0
28525 8000 -52032 1
28525 8000 -52032 0
32525 8000 -52032 1
32525 8000 -52032 0
2525 -4000 -52032 1
2525 -4000 -52032 0
4525 -4000 -52032 1
4525 -4000 -52032 0
8525 -4000 -52032 1
8525 -4000 -52032 0
12525 -4000 -52032 1
12525 -4000 -52032 0
16525 -4000 -52032 1
16525 -4000 -52032 0
20525 -4000 -52032 1
20525 -4000 -52032 0
24525 -4000 -52032 1
24525 -4000 -52032 0
28525 -4000 -52032 1
28525 -4000 -52032 0
32525 -4000 -52032 1
32525 -4000 -52032 0
32525 -4000 -52032 1
32525 -4000 -52032 0
28525 -4000 -52032 1
28525 -4000 -52032 0
24525 -4000 -52032 1
24525 -4000 -52032 0
20525 -4000 -52032 1
20525 -4000 -52032 0
16525 -4000 -52032 1
16525 -4000 -52032 0
12525 -4000 -52032 1
12525 -4000 -52032 0
8525 -4000 -52032 1
8525 -4000 -52032 0
4525 -4000 -52032 1
4525 -4000 -52032 0
2525 -4000 -52032 1
2525 -4000 -52032 0
2525 -4000 -52032 1
2525 -4000 -52032 0
4525 -4000 -52032 1
4525 -4000 -52032 0
8525 -4000 -52032 1
8525 -4000 -52032 0
12525 -4000 -52032 1
12525 -4000 -52032 0
16525 -4000 -52032 1
16525 -4000 -52032 0
20525 -4000 -52032 1
20525 -4000 -52032 0
24525 -4000 -52032 1
24525 -4000 -52032 0
28525 -4000 -52032 1
28525 -4000 -52032 0
32525 -4000 -52032 1
32525 -4000 -52032 0
2525 0 -52032 1
2525 0 -52032 0
4525 0 -52032 1
4525 0 -52032 0
8525 0 -52032 1
8525 0 -52032 0
12525 0 -52032 1
12525 0 -52032 0
16525 0 -52032 1
16525 0 -52032 0
20525 0 -52032 1
20525 0 -52032 0
24525 0 -52032 1
24525 0 -52032 0
28525 0 -52032 1
28525 0 -52032 0
32525 0 -52032 1
32525 0 -52032 0
32525 0 -52032 1
32525 0 -52032 0
28525 0 -52032 1
28525 0 -52032 0
24525 0 -52032 1
24525 0 -52032 0
20525 0 -52032 1
20525 0 -52032 0
16525 0 -52032 1
16525 0 -52032 0
12525 0 -52032 1
12525 0 -52032 0
8525 0 -52032 1
8525 0 -52032 0
4525 0 -52032 1
4525 0 -52032 0
2525 0 -52032 1
2525 0 -52032 0
2525 0 -52032 1
2525 0 -52032 0
4525 0 -52032 1
4525 0 -52032 0
8525 0 -52032 1
8525 0 -52032 0
12525 0 -52032 1
12525 0 -52032 0
16525 0 -52032 1
16525 0 -52032 0
20525 0 -52032 1
20525 0 -52032 0
24525 0 -52032 1
24525 0 -52032 0
28525 0 -52032 1
28525 0 -52032 0
32525 0 -52032 1
32525 0 -52032 0