3400.0 -50 -51500.0 0
7700.0 -50 -51500.0 0
12000.0 -50 -51500.0 0
16300.0 -50 -51500.0 0
20600.0 -50 -51500.0 0
24900.0 -50 -51500.0 0
29200.0 -50 -51500.0 0
33500.0 -50 -51500.0 0
33500.0 -50 -51500.0 0
29200.0 -50 -51500.0 0
24900.0 -50 -51500.0 0
20600.0 -50 -51500.0 0
16300.0 -50 -51500.0 0
12000.0 -50 -51500.0 0
7700.0 -50 -51500.0 0
3400.0 -50 -51500.0 0
3400.0 -50 -51500.0 0
7700.0 -50 -51500.0 0
12000.0 -50 -51500.0 0
16300.0 -50 -51500.0 0
20600.0 -50 -51500.0 0
24900.0 -50 -51500.0 0
29200.0 -50 -51500.0 0
33500.0 -50 -51500.0 0
33500.0 -50 -51500.0 0
29200.0 -50 -51500.0 0
24900.0 -50 -51500.0 0
20600.0 -50 -51500.0 0
16300.0 -50 -51500.0 0
12000.0 -50 -51500.0 0
7700.0 -50 -51500.0 0
3400.0 -50 -51500.0 0
3400.0 -50 -51500.0 0
7700.0 -50 -51500.0 0
12000.0 -50 -51500.0 0
16300.0 -50 -51500.0 0
20600.0 -50 -51500.0 0
24900.0 -50 -51500.0 0
29200.0 -50 -51500.0 0
33500.0 -50 -51500.0 0
33500.0 -50 -51500.0 0
29200.0 -50 -51500.0 0
24900.0 -50 -51500.0 0
20600.0 -50 -51500.0 0
16300.0 -50 -51500.0 0
12000.0 -50 -51500.0 0
7700.0 -50 -51500.0 0
3400.0 -50 -51500.0 0
3400.0 -50 -51500.0 0
7700.0 -50 -51500.0 0
12000.0 -50 -51500.0 0
16300.0 -50 -51500.0 0
20600.0 -50 -51500.0 0
24900.0 -50 -51500.0 0
29200.0 -50 -51500.0 0
33500.0 -50 -51500.0 0
33500.0 -50 -51500.0 0
29200.0 -50 -51500.0 0
24900.0 -50 -51500.0 0
20600.0 -50 -51500.0 0
16300.0 -50 -51500.0 0
12000.0 -50 -51500.0 0
7700.0 -50 -51500.0 0
3400.0 -50 -51500.0 0
3400.0 -50 -51500.0 0
7700.0 -50 -51500.0 0
12000.0 -50 -51500.0 0
16300.0 -50 -51500.0 0
20600.0 -50 -51500.0 0
24900.0 -50 -51500.0 0
29200.0 -50 -51500.0 0
33500.0 -50 -51500.0 0
33500.0 -50 -51500.0 0
29200.0 -50 -51500.0 0
24900.0 -50 -51500.0 0
20600.0 -50 -51500.0 0
16300.0 -50 -51500.0 0
12000.0 -50 -51500.0 0
7700.0 -50 -51500.0 0
3400.0 -50 -51500.0 0
3400.0 -50 -51500.0 0
7700.0 -50 -51500.0 0
12000.0 -50 -51500.0 0
16300.0 -50 -51500.0 0
20600.0 -50 -51500.0 0
24900.0 -50 -51500.0 0
29200.0 -50 -51500.0 0
33500.0 -50 -51500.0 0
33500.0 -50 -51500.0 0
29200.0 -50 -51500.0 0
24900.0 -50 -51500.0 0
20600.0 -50 -51500.0 0
16300.0 -50 -51500.0 0
12000.0 -50 -51500.0 0
7700.0 -50 -51500.0 0
3400.0 -50 -51500.0 0
3400.0 -50 -51500.0 0
7700.0 -50 -51500.0 0
12000.0 -50 -51500.0 0
16300.0 -50 -51500.0 0
20600.0 -50 -51500.0 0
24900.0 -50 -51500.0 0
29200.0 -50 -51500.0 0
33500.0 -50 -51500.0 0
33500.0 -50 -51500.0 0
29200.0 -50 -51500.0 0
24900.0 -50 -51500.0 0
20600.0 -50 -51500.0 0
16300.0 -50 -51500.0 0
12000.0 -50 -51500.0 0
7700.0 -50 -51500.0 0
3400.0 -50 -51500.0 0
3400.0 -50 -51500.0 0
7700.0 -50 -51500.0 0
12000.0 -50 -51500.0 0
16300.0 -50 -51500.0 0
20600.0 -50 -51500.0 0
24900.0 -50 -51500.0 0
29200.0 -50 -51500.0 0
33500.0 -50 -51500.0 0
33500.0 -50 -51500.0 0
29200.0 -50 -51500.0 0
24900.0 -50 -51500.0 0
20600.0 -50 -51500.0 0
16300.0 -50 -51500.0 0
12000.0 -50 -51500.0 0
7700.0 -50 -51500.0 0
3400.0 -50 -51500.0 0
3400.0 3950 -51500.0 0
7700.0 3950 -51500.0 0
12000.0 3950 -51500.0 0
16300.0 3950 -51500.0 0
20600.0 3950 -51500.0 0
24900.0 3950 -51500.0 0
29200.0 3950 -51500.0 0
33500.0 3950 -51500.0 0
33500.0 3950 -51500.0 0
29200.0 3950 -51500.0 0
24900.0 3950 -51500.0 0
20600.0 3950 -51500.0 0
16300.0 3950 -51500.0 0
12000.0 3950 -51500.0 0
7700.0 3950 -51500.0 0
3400.0 3950 -51500.0 0
3400.0 3950 -51500.0 0
7700.0 3950 -51500.0 0
12000.0 3950 -51500.0 0
16300.0 3950 -51500.0 0
20600.0 3950 -51500.0 0
24900.0 3950 -51500.0 0
29200.0 3950 -51500.0 0
33500.0 3950 -51500.0 0
33500.0 3950 -51500.0 0
29200.0 3950 -51500.0 0
24900.0 3950 -51500.0 0
20600.0 3950 -51500.0 0
16300.0 3950 -51500.0 0
12000.0 3950 -51500.0 0
7700.0 3950 -51500.0 0
3400.0 3950 -51500.0 0
3400.0 3950 -51500.0 0
7700.0 3950 -51500.0 0
12000.0 3950 -51500.0 0
16300.0 3950 -51500.0 0
20600.0 3950 -51500.0 0
24900.0 3950 -51500.0 0
29200.0 3950 -51500.0 0
33500.0 3950 -51500.0 0
33500.0 3950 -51500.0 0
29200.0 3950 -51500.0 0
24900.0 3950 -51500.0 0
20600.0 3950 -51500.0 0
16300.0 3950 -51500.0 0
12000.0 3950 -51500.0 0
7700.0 3950 -51500.0 0
3400.0 3950 -51500.0 0
3400.0 3950 -51500.0 0
7700.0 3950 -51500.0 0
12000.0 3950 -51500.0 0
16300.0 3950 -51500.0 0
20600.0 3950 -51500.0 0
24900.0 3950 -51500.0 0
29200.0 3950 -51500.0 0
33500.0 3950 -51500.0 0
33500.0 3950 -51500.0 0
29200.0 3950 -51500.0 0
24900.0 3950 -51500.0 0
20600.0 3950 -51500.0 0
16300.0 3950 -51500.0 0
12000.0 3950 -51500.0 0
7700.0 3950 -51500.0 0
3400.0 3950 -51500.0 0
3400.0 3950 -51500.0 0
7700.0 3950 -51500.0 0
12000.0 3950 -51500.0 0
16300.0 3950 -51500.0 0
20600.0 3950 -51500.0 0
24900.0 3950 -51500.0 0
29200.0 3950 -51500.0 0
33500.0 3950 -51500.0 0
33500.0 3950 -51500.0 0
29200.0 3950 -51500.0 0
24900.0 3950 -51500.0 0
20600.0 3950 -51500.0 0
16300.0 3950 -51500.0 0
12000.0 3950 -51500.0 0
7700.0 3950 -51500.0 0
3400.0 3950 -51500.0 0
3400.0 3950 -51500.0 0
7700.0 3950 -51500.0 0
12000.0 3950 -51500.0 0
16300.0 3950 -51500.0 0
20600.0 3950 -51500.0 0
24900.0 3950 -51500.0 0
29200.0 3950 -51500.0 0
33500.0 3950 -51500.0 0
33500.0 3950 -51500.0 0
29200.0 3950 -51500.0 0
24900.0 3950 -51500.0 0
20600.0 3950 -51500.0 0
16300.0 3950 -51500.0 0
12000.0 3950 -51500.0 0
7700.0 3950 -51500.0 0
3400.0 3950 -51500.0 0
3400.0 3950 -51500.0 0
7700.0 3950 -51500.0 0
12000.0 3950 -51500.0 0
16300.0 3950 -51500.0 0
20600.0 3950 -51500.0 0
24900.0 3950 -51500.0 0
29200.0 3950 -51500.0 0
33500.0 3950 -51500.0 0
33500.0 3950 -51500.0 0
29200.0 3950 -51500.0 0
24900.0 3950 -51500.0 0
20600.0 3950 -51500.0 0
16300.0 3950 -51500.0 0
12000.0 3950 -51500.0 0
7700.0 3950 -51500.0 0
3400.0 3950 -51500.0 0
3400.0 3950 -51500.0 0
7700.0 3950 -51500.0 0
12000.0 3950 -51500.0 0
16300.0 3950 -51500.0 0
20600.0 3950 -51500.0 0
24900.0 3950 -51500.0 0
29200.0 3950 -51500.0 0
33500.0 3950 -51500.0 0
33500.0 3950 -51500.0 0
29200.0 3950 -51500.0 0
24900.0 3950 -51500.0 0
20600.0 3950 -51500.0 0
16300.0 3950 -51500.0 0
12000.0 3950 -51500.0 0
7700.0 3950 -51500.0 0
3400.0 3950 -51500.0 0
3400.0 7950 -51500.0 0
7700.0 7950 -51500.0 0
12000.0 7950 -51500.0 0
16300.0 7950 -51500.0 0
20600.0 7950 -51500.0 0
24900.0 7950 -51500.0 0
29200.0 7950 -51500.0 0
33500.0 7950 -51500.0 0
33500.0 7950 -51500.0 0
29200.0 7950 -51500.0 0
24900.0 7950 -51500.0 0
20600.0 7950 -51500.0 0
16300.0 7950 -51500.0 0
12000.0 7950 -51500.0 0
7700.0 7950 -51500.0 0
3400.0 7950 -51500.0 0
3400.0 7950 -51500.0 0
7700.0 7950 -51500.0 0
12000.0 7950 -51500.0 0
16300.0 7950 -51500.0 0
20600.0 7950 -51500.0 0
24900.0 7950 -51500.0 0
29200.0 7950 -51500.0 0
33500.0 7950 -51500.0 0
33500.0 7950 -51500.0 0
29200.0 7950 -51500.0 0
24900.0 7950 -51500.0 0
20600.0 7950 -51500.0 0
16300.0 7950 -51500.0 0
12000.0 7950 -51500.0 0
7700.0 7950 -51500.0 0
3400.0 7950 -51500.0 0
3400.0 7950 -51500.0 0
7700.0 7950 -51500.0 0
12000.0 7950 -51500.0 0
16300.0 7950 -51500.0 0
20600.0 7950 -51500.0 0
24900.0 7950 -51500.0 0
29200.0 7950 -51500.0 0
33500.0 7950 -51500.0 0
33500.0 7950 -51500.0 0
29200.0 7950 -51500.0 0
24900.0 7950 -51500.0 0
20600.0 7950 -51500.0 0
16300.0 7950 -51500.0 0
12000.0 7950 -51500.0 0
7700.0 7950 -51500.0 0
3400.0 7950 -51500.0 0
3400.0 7950 -51500.0 0
7700.0 7950 -51500.0 0
12000.0 7950 -51500.0 0
16300.0 7950 -51500.0 0
20600.0 7950 -51500.0 0
24900.0 7950 -51500.0 0
29200.0 7950 -51500.0 0
33500.0 7950 -51500.0 0
33500.0 7950 -51500.0 0
29200.0 7950 -51500.0 0
24900.0 7950 -51500.0 0
20600.0 7950 -51500.0 0
16300.0 7950 -51500.0 0
12000.0 7950 -51500.0 0
7700.0 7950 -51500.0 0
3400.0 7950 -51500.0 0
3400.0 7950 -51500.0 0
7700.0 7950 -51500.0 0
12000.0 7950 -51500.0 0
16300.0 7950 -51500.0 0
20600.0 7950 -51500.0 0
24900.0 7950 -51500.0 0
29200.0 7950 -51500.0 0
33500.0 7950 -51500.0 0
33500.0 7950 -51500.0 0
29200.0 7950 -51500.0 0
24900.0 7950 -51500.0 0
20600.0 7950 -51500.0 0
16300.0 7950 -51500.0 0
12000.0 7950 -51500.0 0
7700.0 7950 -51500.0 0
3400.0 7950 -51500.0 0
3400.0 7950 -51500.0 0
7700.0 7950 -51500.0 0
12000.0 7950 -51500.0 0
16300.0 7950 -51500.0 0
20600.0 7950 -51500.0 0
24900.0 7950 -51500.0 0
29200.0 7950 -51500.0 0
33500.0 7950 -51500.0 0
33500.0 7950 -51500.0 0
29200.0 7950 -51500.0 0
24900.0 7950 -51500.0 0
20600.0 7950 -51500.0 0
16300.0 7950 -51500.0 0
12000.0 7950 -51500.0 0
7700.0 7950 -51500.0 0
3400.0 7950 -51500.0 0
3400.0 7950 -51500.0 0
7700.0 7950 -51500.0 0
12000.0 7950 -51500.0 0
16300.0 7950 -51500.0 0
20600.0 7950 -51500.0 0
24900.0 7950 -51500.0 0
29200.0 7950 -51500.0 0
33500.0 7950 -51500.0 0
33500.0 7950 -51500.0 0
29200.0 7950 -51500.0 0
24900.0 7950 -51500.0 0
20600.0 7950 -51500.0 0
16300.0 7950 -51500.0 0
12000.0 7950 -51500.0 0
7700.0 7950 -51500.0 0
3400.0 7950 -51500.0 0
3400.0 7950 -51500.0 0
7700.0 7950 -51500.0 0
12000.0 7950 -51500.0 0
16300.0 7950 -51500.0 0
20600.0 7950 -51500.0 0
24900.0 7950 -51500.0 0
29200.0 7950 -51500.0 0
33500.0 7950 -51500.0 0
33500.0 7950 -51500.0 0
29200.0 7950 -51500.0 0
24900.0 7950 -51500.0 0
20600.0 7950 -51500.0 0
16300.0 7950 -51500.0 0
12000.0 7950 -51500.0 0
7700.0 7950 -51500.0 0
3400.0 7950 -51500.0 0
3400.0 11950 -51500.0 0
7700.0 11950 -51500.0 0
12000.0 11950 -51500.0 0
16300.0 11950 -51500.0 0
20600.0 11950 -51500.0 0
24900.0 11950 -51500.0 0
29200.0 11950 -51500.0 0
33500.0 11950 -51500.0 0
33500.0 11950 -51500.0 0
29200.0 11950 -51500.0 0
24900.0 11950 -51500.0 0
20600.0 11950 -51500.0 0
16300.0 11950 -51500.0 0
12000.0 11950 -51500.0 0
7700.0 11950 -51500.0 0
3400.0 11950 -51500.0 0
3400.0 11950 -51500.0 0
7700.0 11950 -51500.0 0
12000.0 11950 -51500.0 0
16300.0 11950 -51500.0 0
20600.0 11950 -51500.0 0
24900.0 11950 -51500.0 0
29200.0 11950 -51500.0 0
33500.0 11950 -51500.0 0
33500.0 11950 -51500.0 0
29200.0 11950 -51500.0 0
24900.0 11950 -51500.0 0
20600.0 11950 -51500.0 0
16300.0 11950 -51500.0 0
12000.0 11950 -51500.0 0
7700.0 11950 -51500.0 0
3400.0 11950 -51500.0 0
3400.0 11950 -51500.0 0
7700.0 11950 -51500.0 0
12000.0 11950 -51500.0 0
16300.0 11950 -51500.0 0
20600.0 11950 -51500.0 0
24900.0 11950 -51500.0 0
29200.0 11950 -51500.0 0
33500.0 11950 -51500.0 0
33500.0 11950 -51500.0 0
29200.0 11950 -51500.0 0
24900.0 11950 -51500.0 0
20600.0 11950 -51500.0 0
16300.0 11950 -51500.0 0
12000.0 11950 -51500.0 0
7700.0 11950 -51500.0 0
3400.0 11950 -51500.0 0
3400.0 11950 -51500.0 0
7700.0 11950 -51500.0 0
12000.0 11950 -51500.0 0
16300.0 11950 -51500.0 0
20600.0 11950 -51500.0 0
24900.0 11950 -51500.0 0
29200.0 11950 -51500.0 0
33500.0 11950 -51500.0 0
33500.0 11950 -51500.0 0
29200.0 11950 -51500.0 0
24900.0 11950 -51500.0 0
20600.0 11950 -51500.0 0
16300.0 11950 -51500.0 0
12000.0 11950 -51500.0 0
7700.0 11950 -51500.0 0
3400.0 11950 -51500.0 0
3400.0 11950 -51500.0 0
7700.0 11950 -51500.0 0
12000.0 11950 -51500.0 0
16300.0 11950 -51500.0 0
20600.0 11950 -51500.0 0
24900.0 11950 -51500.0 0
29200.0 11950 -51500.0 0
33500.0 11950 -51500.0 0
33500.0 11950 -51500.0 0
29200.0 11950 -51500.0 0
24900.0 11950 -51500.0 0
20600.0 11950 -51500.0 0
16300.0 11950 -51500.0 0
12000.0 11950 -51500.0 0
7700.0 11950 -51500.0 0
3400.0 11950 -51500.0 0
3400.0 11950 -51500.0 0
7700.0 11950 -51500.0 0
12000.0 11950 -51500.0 0
16300.0 11950 -51500.0 0
20600.0 11950 -51500.0 0
24900.0 11950 -51500.0 0
29200.0 11950 -51500.0 0
33500.0 11950 -51500.0 0
33500.0 11950 -51500.0 0
29200.0 11950 -51500.0 0
24900.0 11950 -51500.0 0
20600.0 11950 -51500.0 0
16300.0 11950 -51500.0 0
12000.0 11950 -51500.0 0
7700.0 11950 -51500.0 0
3400.0 11950 -51500.0 0
3400.0 11950 -51500.0 0
7700.0 11950 -51500.0 0
12000.0 11950 -51500.0 0
16300.0 11950 -51500.0 0
20600.0 11950 -51500.0 0
24900.0 11950 -51500.0 0
29200.0 11950 -51500.0 0
33500.0 11950 -51500.0 0
33500.0 11950 -51500.0 0
29200.0 11950 -51500.0 0
24900.0 11950 -51500.0 0
20600.0 11950 -51500.0 0
16300.0 11950 -51500.0 0
12000.0 11950 -51500.0 0
7700.0 11950 -51500.0 0
3400.0 11950 -51500.0 0
3400.0 11950 -51500.0 0
7700.0 11950 -51500.0 0
12000.0 11950 -51500.0 0
16300.0 11950 -51500.0 0
20600.0 11950 -51500.0 0
24900.0 11950 -51500.0 0
29200.0 11950 -51500.0 0
33500.0 11950 -51500.0 0
33500.0 11950 -51500.0 0
29200.0 11950 -51500.0 0
24900.0 11950 -51500.0 0
20600.0 11950 -51500.0 0
16300.0 11950 -51500.0 0
12000.0 11950 -51500.0 0
7700.0 11950 -51500.0 0
3400.0 11950 -51500.0 0
3400.0 -50 -34500.0 0
7700.0 -50 -34500.0 0
12000.0 -50 -34500.0 0
16300.0 -50 -34500.0 0
20600.0 -50 -34500.0 0
24900.0 -50 -34500.0 0
29200.0 -50 -34500.0 0
33500.0 -50 -34500.0 0
33500.0 -50 -34500.0 0
29200.0 -50 -34500.0 0
24900.0 -50 -34500.0 0
20600.0 -50 -34500.0 0
16300.0 -50 -34500.0 0
12000.0 -50 -34500.0 0
7700.0 -50 -34500.0 0
3400.0 -50 -34500.0 0
3400.0 -50 -34500.0 0
7700.0 -50 -34500.0 0
12000.0 -50 -34500.0 0
16300.0 -50 -34500.0 0
20600.0 -50 -34500.0 0
24900.0 -50 -34500.0 0
29200.0 -50 -34500.0 0
33500.0 -50 -34500.0 0
33500.0 -50 -34500.0 0
29200.0 -50 -34500.0 0
24900.0 -50 -34500.0 0
20600.0 -50 -34500.0 0
16300.0 -50 -34500.0 0
12000.0 -50 -34500.0 0
7700.0 -50 -34500.0 0
3400.0 -50 -34500.0 0
3400.0 -50 -34500.0 0
7700.0 -50 -34500.0 0
12000.0 -50 -34500.0 0
16300.0 -50 -34500.0 0
20600.0 -50 -34500.0 0
24900.0 -50 -34500.0 0
29200.0 -50 -34500.0 0
33500.0 -50 -34500.0 0
33500.0 -50 -34500.0 0
29200.0 -50 -34500.0 0
24900.0 -50 -34500.0 0
20600.0 -50 -34500.0 0
16300.0 -50 -34500.0 0
12000.0 -50 -34500.0 0
7700.0 -50 -34500.0 0
3400.0 -50 -34500.0 0
3400.0 -50 -34500.0 0
7700.0 -50 -34500.0 0
12000.0 -50 -34500.0 0
16300.0 -50 -34500.0 0
20600.0 -50 -34500.0 0
24900.0 -50 -34500.0 0
29200.0 -50 -34500.0 0
33500.0 -50 -34500.0 0
33500.0 -50 -34500.0 0
29200.0 -50 -34500.0 0
24900.0 -50 -34500.0 0
20600.0 -50 -34500.0 0
16300.0 -50 -34500.0 0
12000.0 -50 -34500.0 0
7700.0 -50 -34500.0 0
3400.0 -50 -34500.0 0
3400.0 -50 -34500.0 0
7700.0 -50 -34500.0 0
12000.0 -50 -34500.0 0
16300.0 -50 -34500.0 0
20600.0 -50 -34500.0 0
24900.0 -50 -34500.0 0
29200.0 -50 -34500.0 0
33500.0 -50 -34500.0 0
33500.0 -50 -34500.0 0
29200.0 -50 -34500.0 0
24900.0 -50 -34500.0 0
20600.0 -50 -34500.0 0
16300.0 -50 -34500.0 0
12000.0 -50 -34500.0 0
7700.0 -50 -34500.0 0
3400.0 -50 -34500.0 0
3400.0 -50 -34500.0 0
7700.0 -50 -34500.0 0
12000.0 -50 -34500.0 0
16300.0 -50 -34500.0 0
20600.0 -50 -34500.0 0
24900.0 -50 -34500.0 0
29200.0 -50 -34500.0 0
33500.0 -50 -34500.0 0
33500.0 -50 -34500.0 0
29200.0 -50 -34500.0 0
24900.0 -50 -34500.0 0
20600.0 -50 -34500.0 0
16300.0 -50 -34500.0 0
12000.0 -50 -34500.0 0
7700.0 -50 -34500.0 0
3400.0 -50 -34500.0 0
3400.0 -50 -34500.0 0
7700.0 -50 -34500.0 0
12000.0 -50 -34500.0 0
16300.0 -50 -34500.0 0
20600.0 -50 -34500.0 0
24900.0 -50 -34500.0 0
29200.0 -50 -34500.0 0
33500.0 -50 -34500.0 0
33500.0 -50 -34500.0 0
29200.0 -50 -34500.0 0
24900.0 -50 -34500.0 0
20600.0 -50 -34500.0 0
16300.0 -50 -34500.0 0
12000.0 -50 -34500.0 0
7700.0 -50 -34500.0 0
3400.0 -50 -34500.0 0
3400.0 -50 -34500.0 0
7700.0 -50 -34500.0 0
12000.0 -50 -34500.0 0
16300.0 -50 -34500.0 0
20600.0 -50 -34500.0 0
24900.0 -50 -34500.0 0
29200.0 -50 -34500.0 0
33500.0 -50 -34500.0 0
33500.0 -50 -34500.0 0
29200.0 -50 -34500.0 0
24900.0 -50 -34500.0 0
20600.0 -50 -34500.0 0
16300.0 -50 -34500.0 0
12000.0 -50 -34500.0 0
7700.0 -50 -34500.0 0
3400.0 -50 -34500.0 0
3400.0 3950 -34500.0 0
7700.0 3950 -34500.0 0
12000.0 3950 -34500.0 0
16300.0 3950 -34500.0 0
20600.0 3950 -34500.0 0
24900.0 3950 -34500.0 0
29200.0 3950 -34500.0 0
33500.0 3950 -34500.0 0
33500.0 3950 -34500.0 0
29200.0 3950 -34500.0 0
24900.0 3950 -34500.0 0
20600.0 3950 -34500.0 0
16300.0 3950 -34500.0 0
12000.0 3950 -34500.0 0
7700.0 3950 -34500.0 0
3400.0 3950 -34500.0 0
3400.0 3950 -34500.0 0
7700.0 3950 -34500.0 0
12000.0 3950 -34500.0 0
16300.0 3950 -34500.0 0
20600.0 3950 -34500.0 0
24900.0 3950 -34500.0 0
29200.0 3950 -34500.0 0
33500.0 3950 -34500.0 0
33500.0 3950 -34500.0 0
29200.0 3950 -34500.0 0
24900.0 3950 -34500.0 0
20600.0 3950 -34500.0 0
16300.0 3950 -34500.0 0
12000.0 3950 -34500.0 0
7700.0 3950 -34500.0 0
3400.0 3950 -34500.0 0
3400.0 3950 -34500.0 0
7700.0 3950 -34500.0 0
12000.0 3950 -34500.0 0
16300.0 3950 -34500.0 0
20600.0 3950 -34500.0 0
24900.0 3950 -34500.0 0
29200.0 3950 -34500.0 0
33500.0 3950 -34500.0 0
33500.0 3950 -34500.0 0
29200.0 3950 -34500.0 0
24900.0 3950 -34500.0 0
20600.0 3950 -34500.0 0
16300.0 3950 -34500.0 0
12000.0 3950 -34500.0 0
7700.0 3950 -34500.0 0
3400.0 3950 -34500.0 0
3400.0 3950 -34500.0 0
7700.0 3950 -34500.0 0
12000.0 3950 -34500.0 0
16300.0 3950 -34500.0 0
20600.0 3950 -34500.0 0
24900.0 3950 -34500.0 0
29200.0 3950 -34500.0 0
33500.0 3950 -34500.0 0
33500.0 3950 -34500.0 0
29200.0 3950 -34500.0 0
24900.0 3950 -34500.0 0
20600.0 3950 -34500.0 0
16300.0 3950 -34500.0 0
12000.0 3950 -34500.0 0
7700.0 3950 -34500.0 0
3400.0 3950 -34500.0 0
3400.0 3950 -34500.0 0
7700.0 3950 -34500.0 0
12000.0 3950 -34500.0 0
16300.0 3950 -34500.0 0
20600.0 3950 -34500.0 0
24900.0 3950 -34500.0 0
29200.0 3950 -34500.0 0
33500.0 3950 -34500.0 0
33500.0 3950 -34500.0 0
29200.0 3950 -34500.0 0
24900.0 3950 -34500.0 0
20600.0 3950 -34500.0 0
16300.0 3950 -34500.0 0
12000.0 3950 -34500.0 0
7700.0 3950 -34500.0 0
3400.0 3950 -34500.0 0
3400.0 3950 -34500.0 0
7700.0 3950 -34500.0 0
12000.0 3950 -34500.0 0
16300.0 3950 -34500.0 0
20600.0 3950 -34500.0 0
24900.0 3950 -34500.0 0
29200.0 3950 -34500.0 0
33500.0 3950 -34500.0 0
33500.0 3950 -34500.0 0
29200.0 3950 -34500.0 0
24900.0 3950 -34500.0 0
20600.0 3950 -34500.0 0
16300.0 3950 -34500.0 0
12000.0 3950 -34500.0 0
7700.0 3950 -34500.0 0
3400.0 3950 -34500.0 0
3400.0 3950 -34500.0 0
7700.0 3950 -34500.0 0
12000.0 3950 -34500.0 0
16300.0 3950 -34500.0 0
20600.0 3950 -34500.0 0
24900.0 3950 -34500.0 0
29200.0 3950 -34500.0 0
33500.0 3950 -34500.0 0
33500.0 3950 -34500.0 0
29200.0 3950 -34500.0 0
24900.0 3950 -34500.0 0
20600.0 3950 -34500.0 0
16300.0 3950 -34500.0 0
12000.0 3950 -34500.0 0
7700.0 3950 -34500.0 0
3400.0 3950 -34500.0 0
3400.0 3950 -34500.0 0
7700.0 3950 -34500.0 0
12000.0 3950 -34500.0 0
16300.0 3950 -34500.0 0
20600.0 3950 -34500.0 0
24900.0 3950 -34500.0 0
29200.0 3950 -34500.0 0
33500.0 3950 -34500.0 0
33500.0 3950 -34500.0 0
29200.0 3950 -34500.0 0
24900.0 3950 -34500.0 0
20600.0 3950 -34500.0 0
16300.0 3950 -34500.0 0
12000.0 3950 -34500.0 0
7700.0 3950 -34500.0 0
3400.0 3950 -34500.0 0
3400.0 7950 -34500.0 0
7700.0 7950 -34500.0 0
12000.0 7950 -34500.0 0
16300.0 7950 -34500.0 0
20600.0 7950 -34500.0 0
24900.0 7950 -34500.0 0
29200.0 7950 -34500.0 0
33500.0 7950 -34500.0 0
33500.0 7950 -34500.0 0
29200.0 7950 -34500.0 0
24900.0 7950 -34500.0 0
20600.0 7950 -34500.0 0
16300.0 7950 -34500.0 0
12000.0 7950 -34500.0 0
7700.0 7950 -34500.0 0
3400.0 7950 -34500.0 0
3400.0 7950 -34500.0 0
7700.0 7950 -34500.0 0
12000.0 7950 -34500.0 0
16300.0 7950 -34500.0 0
20600.0 7950 -34500.0 0
24900.0 7950 -34500.0 0
29200.0 7950 -34500.0 0
33500.0 7950 -34500.0 0
33500.0 7950 -34500.0 0
29200.0 7950 -34500.0 0
24900.0 7950 -34500.0 0
20600.0 7950 -34500.0 0
16300.0 7950 -34500.0 0
12000.0 7950 -34500.0 0
7700.0 7950 -34500.0 0
3400.0 7950 -34500.0 0
3400.0 7950 -34500.0 0
7700.0 7950 -34500.0 0
12000.0 7950 -34500.0 0
16300.0 7950 -34500.0 0
20600.0 7950 -34500.0 0
24900.0 7950 -34500.0 0
29200.0 7950 -34500.0 0
33500.0 7950 -34500.0 0
33500.0 7950 -34500.0 0
29200.0 7950 -34500.0 0
24900.0 7950 -34500.0 0
20600.0 7950 -34500.0 0
16300.0 7950 -34500.0 0
12000.0 7950 -34500.0 0
7700.0 7950 -34500.0 0
3400.0 7950 -34500.0 0
3400.0 7950 -34500.0 0
7700.0 7950 -34500.0 0
12000.0 7950 -34500.0 0
16300.0 7950 -34500.0 0
20600.0 7950 -34500.0 0
24900.0 7950 -34500.0 0
29200.0 7950 -34500.0 0
33500.0 7950 -34500.0 0
33500.0 7950 -34500.0 0
29200.0 7950 -34500.0 0
24900.0 7950 -34500.0 0
20600.0 7950 -34500.0 0
16300.0 7950 -34500.0 0
12000.0 7950 -34500.0 0
7700.0 7950 -34500.0 0
3400.0 7950 -34500.0 0
3400.0 7950 -34500.0 0
7700.0 7950 -34500.0 0
12000.0 7950 -34500.0 0
16300.0 7950 -34500.0 0
20600.0 7950 -34500.0 0
24900.0 7950 -34500.0 0
29200.0 7950 -34500.0 0
33500.0 7950 -34500.0 0
33500.0 7950 -34500.0 0
29200.0 7950 -34500.0 0
24900.0 7950 -34500.0 0
20600.0 7950 -34500.0 0
16300.0 7950 -34500.0 0
12000.0 7950 -34500.0 0
7700.0 7950 -34500.0 0
3400.0 7950 -34500.0 0
3400.0 7950 -34500.0 0
7700.0 7950 -34500.0 0
12000.0 7950 -34500.0 0
16300.0 7950 -34500.0 0
20600.0 7950 -34500.0 0
24900.0 7950 -34500.0 0
29200.0 7950 -34500.0 0
33500.0 7950 -34500.0 0
33500.0 7950 -34500.0 0
29200.0 7950 -34500.0 0
24900.0 7950 -34500.0 0
20600.0 7950 -34500.0 0
16300.0 7950 -34500.0 0
12000.0 7950 -34500.0 0
7700.0 7950 -34500.0 0
3400.0 7950 -34500.0 0
3400.0 7950 -34500.0 0
7700.0 7950 -34500.0 0
12000.0 7950 -34500.0 0
16300.0 7950 -34500.0 0
20600.0 7950 -34500.0 0
24900.0 7950 -34500.0 0
29200.0 7950 -34500.0 0
33500.0 7950 -34500.0 0
33500.0 7950 -34500.0 0
29200.0 7950 -34500.0 0
24900.0 7950 -34500.0 0
20600.0 7950 -34500.0 0
16300.0 7950 -34500.0 0
12000.0 7950 -34500.0 0
7700.0 7950 -34500.0 0
3400.0 7950 -34500.0 0
3400.0 7950 -34500.0 0
7700.0 7950 -34500.0 0
12000.0 7950 -34500.0 0
16300.0 7950 -34500.0 0
20600.0 7950 -34500.0 0
24900.0 7950 -34500.0 0
29200.0 7950 -34500.0 0
33500.0 7950 -34500.0 0
33500.0 7950 -34500.0 0
29200.0 7950 -34500.0 0
24900.0 7950 -34500.0 0
20600.0 7950 -34500.0 0
16300.0 7950 -34500.0 0
12000.0 7950 -34500.0 0
7700.0 7950 -34500.0 0
3400.0 7950 -34500.0 0
3400.0 11950 -34500.0 0
7700.0 11950 -34500.0 0
12000.0 11950 -34500.0 0
16300.0 11950 -34500.0 0
20600.0 11950 -34500.0 0
24900.0 11950 -34500.0 0
29200.0 11950 -34500.0 0
33500.0 11950 -34500.0 0
33500.0 11950 -34500.0 0
29200.0 11950 -34500.0 0
24900.0 11950 -34500.0 0
20600.0 11950 -34500.0 0
16300.0 11950 -34500.0 0
12000.0 11950 -34500.0 0
7700.0 11950 -34500.0 0
3400.0 11950 -34500.0 0
3400.0 11950 -34500.0 0
7700.0 11950 -34500.0 0
12000.0 11950 -34500.0 0
16300.0 11950 -34500.0 0
20600.0 11950 -34500.0 0
24900.0 11950 -34500.0 0
29200.0 11950 -34500.0 0
33500.0 11950 -34500.0 0
33500.0 11950 -34500.0 0
29200.0 11950 -34500.0 0
24900.0 11950 -34500.0 0
20600.0 11950 -34500.0 0
16300.0 11950 -34500.0 0
12000.0 11950 -34500.0 0
7700.0 11950 -34500.0 0
3400.0 11950 -34500.0 0
3400.0 11950 -34500.0 0
7700.0 11950 -34500.0 0
12000.0 11950 -34500.0 0
16300.0 11950 -34500.0 0
20600.0 11950 -34500.0 0
24900.0 11950 -34500.0 0
29200.0 11950 -34500.0 0
33500.0 11950 -34500.0 0
33500.0 11950 -34500.0 0
29200.0 11950 -34500.0 0
24900.0 11950 -34500.0 0
20600.0 11950 -34500.0 0
16300.0 11950 -34500.0 0
12000.0 11950 -34500.0 0
7700.0 11950 -34500.0 0
3400.0 11950 -34500.0 0
3400.0 11950 -34500.0 0
7700.0 11950 -34500.0 0
12000.0 11950 -34500.0 0
16300.0 11950 -34500.0 0
20600.0 11950 -34500.0 0
24900.0 11950 -34500.0 0
29200.0 11950 -34500.0 0
33500.0 11950 -34500.0 0
33500.0 11950 -34500.0 0
29200.0 11950 -34500.0 0
24900.0 11950 -34500.0 0
20600.0 11950 -34500.0 0
16300.0 11950 -34500.0 0
12000.0 11950 -34500.0 0
7700.0 11950 -34500.0 0
3400.0 11950 -34500.0 0
3400.0 11950 -34500.0 0
7700.0 11950 -34500.0 0
12000.0 11950 -34500.0 0
16300.0 11950 -34500.0 0
20600.0 11950 -34500.0 0
24900.0 11950 -34500.0 0
29200.0 11950 -34500.0 0
33500.0 11950 -34500.0 0
33500.0 11950 -34500.0 0
29200.0 11950 -34500.0 0
24900.0 11950 -34500.0 0
20600.0 11950 -34500.0 0
16300.0 11950 -34500.0 0
12000.0 11950 -34500.0 0
7700.0 11950 -34500.0 0
3400.0 11950 -34500.0 0
3400.0 11950 -34500.0 0
7700.0 11950 -34500.0 0
12000.0 11950 -34500.0 0
16300.0 11950 -34500.0 0
20600.0 11950 -34500.0 0
24900.0 11950 -34500.0 0
29200.0 11950 -34500.0 0
33500.0 11950 -34500.0 0
33500.0 11950 -34500.0 0
29200.0 11950 -34500.0 0
24900.0 11950 -34500.0 0
20600.0 11950 -34500.0 0
16300.0 11950 -34500.0 0
12000.0 11950 -34500.0 0
7700.0 11950 -34500.0 0
3400.0 11950 -34500.0 0
3400.0 11950 -34500.0 0
7700.0 11950 -34500.0 0
12000.0 11950 -34500.0 0
16300.0 11950 -34500.0 0
20600.0 11950 -34500.0 0
24900.0 11950 -34500.0 0
29200.0 11950 -34500.0 0
33500.0 11950 -34500.0 0
33500.0 11950 -34500.0 0
29200.0 11950 -34500.0 0
24900.0 11950 -34500.0 0
20600.0 11950 -34500.0 0
16300.0 11950 -34500.0 0
12000.0 11950 -34500.0 0
7700.0 11950 -34500.0 0
3400.0 11950 -34500.0 0
3400.0 11950 -34500.0 0
7700.0 11950 -34500.0 0
12000.0 11950 -34500.0 0
16300.0 11950 -34500.0 0
20600.0 11950 -34500.0 0
24900.0 11950 -34500.0 0
29200.0 11950 -34500.0 0
33500.0 11950 -34500.0 0
33500.0 11950 -34500.0 0
29200.0 11950 -34500.0 0
24900.0 11950 -34500.0 0
20600.0 11950 -34500.0 0
16300.0 11950 -34500.0 0
12000.0 11950 -34500.0 0
7700.0 11950 -34500.0 0
3400.0 11950 -34500.0 0
3400.0 -50 -17500.0 0
7700.0 -50 -17500.0 0
12000.0 -50 -17500.0 0
16300.0 -50 -17500.0 0
20600.0 -50 -17500.0 0
24900.0 -50 -17500.0 0
29200.0 -50 -17500.0 0
33500.0 -50 -17500.0 0
33500.0 -50 -17500.0 0
29200.0 -50 -17500.0 0
24900.0 -50 -17500.0 0
20600.0 -50 -17500.0 0
16300.0 -50 -17500.0 0
12000.0 -50 -17500.0 0
7700.0 -50 -17500.0 0
3400.0 -50 -17500.0 0
3400.0 -50 -17500.0 0
7700.0 -50 -17500.0 0
12000.0 -50 -17500.0 0
16300.0 -50 -17500.0 0
20600.0 -50 -17500.0 0
24900.0 -50 -17500.0 0
29200.0 -50 -17500.0 0
33500.0 -50 -17500.0 0
33500.0 -50 -17500.0 0
29200.0 -50 -17500.0 0
24900.0 -50 -17500.0 0
20600.0 -50 -17500.0 0
16300.0 -50 -17500.0 0
12000.0 -50 -17500.0 0
7700.0 -50 -17500.0 0
3400.0 -50 -17500.0 0
3400.0 -50 -17500.0 0
7700.0 -50 -17500.0 0
12000.0 -50 -17500.0 0
16300.0 -50 -17500.0 0
20600.0 -50 -17500.0 0
24900.0 -50 -17500.0 0
29200.0 -50 -17500.0 0
33500.0 -50 -17500.0 0
33500.0 -50 -17500.0 0
29200.0 -50 -17500.0 0
24900.0 -50 -17500.0 0
20600.0 -50 -17500.0 0
16300.0 -50 -17500.0 0
12000.0 -50 -17500.0 0
7700.0 -50 -17500.0 0
3400.0 -50 -17500.0 0
3400.0 -50 -17500.0 0
7700.0 -50 -17500.0 0
12000.0 -50 -17500.0 0
16300.0 -50 -17500.0 0
20600.0 -50 -17500.0 0
24900.0 -50 -17500.0 0
29200.0 -50 -17500.0 0
33500.0 -50 -17500.0 0
33500.0 -50 -17500.0 0
29200.0 -50 -17500.0 0
24900.0 -50 -17500.0 0
20600.0 -50 -17500.0 0
16300.0 -50 -17500.0 0
12000.0 -50 -17500.0 0
7700.0 -50 -17500.0 0
3400.0 -50 -17500.0 0
3400.0 -50 -17500.0 0
7700.0 -50 -17500.0 0
12000.0 -50 -17500.0 0
16300.0 -50 -17500.0 0
20600.0 -50 -17500.0 0
24900.0 -50 -17500.0 0
29200.0 -50 -17500.0 0
33500.0 -50 -17500.0 0
33500.0 -50 -17500.0 0
29200.0 -50 -17500.0 0
24900.0 -50 -17500.0 0
20600.0 -50 -17500.0 0
16300.0 -50 -17500.0 0
12000.0 -50 -17500.0 0
7700.0 -50 -17500.0 0
3400.0 -50 -17500.0 0
3400.0 -50 -17500.0 0
7700.0 -50 -17500.0 0
12000.0 -50 -17500.0 0
16300.0 -50 -17500.0 0
20600.0 -50 -17500.0 0
24900.0 -50 -17500.0 0
29200.0 -50 -17500.0 0
33500.0 -50 -17500.0 0
33500.0 -50 -17500.0 0
29200.0 -50 -17500.0 0
24900.0 -50 -17500.0 0
20600.0 -50 -17500.0 0
16300.0 -50 -17500.0 0
12000.0 -50 -17500.0 0
7700.0 -50 -17500.0 0
3400.0 -50 -17500.0 0
3400.0 -50 -17500.0 0
7700.0 -50 -17500.0 0
12000.0 -50 -17500.0 0
16300.0 -50 -17500.0 0
20600.0 -50 -17500.0 0
24900.0 -50 -17500.0 0
29200.0 -50 -17500.0 0
33500.0 -50 -17500.0 0
33500.0 -50 -17500.0 0
29200.0 -50 -17500.0 0
24900.0 -50 -17500.0 0
20600.0 -50 -17500.0 0
16300.0 -50 -17500.0 0
12000.0 -50 -17500.0 0
7700.0 -50 -17500.0 0
3400.0 -50 -17500.0 0
3400.0 -50 -17500.0 0
7700.0 -50 -17500.0 0
12000.0 -50 -17500.0 0
16300.0 -50 -17500.0 0
20600.0 -50 -17500.0 0
24900.0 -50 -17500.0 0
29200.0 -50 -17500.0 0
33500.0 -50 -17500.0 0
33500.0 -50 -17500.0 0
29200.0 -50 -17500.0 0
24900.0 -50 -17500.0 0
20600.0 -50 -17500.0 0
16300.0 -50 -17500.0 0
12000.0 -50 -17500.0 0
7700.0 -50 -17500.0 0
3400.0 -50 -17500.0 0
3400.0 3950 -17500.0 0
7700.0 3950 -17500.0 0
12000.0 3950 -17500.0 0
16300.0 3950 -17500.0 0
20600.0 3950 -17500.0 0
24900.0 3950 -17500.0 0
29200.0 3950 -17500.0 0
33500.0 3950 -17500.0 0
33500.0 3950 -17500.0 0
29200.0 3950 -17500.0 0
24900.0 3950 -17500.0 0
20600.0 3950 -17500.0 0
16300.0 3950 -17500.0 0
12000.0 3950 -17500.0 0
7700.0 3950 -17500.0 0
3400.0 3950 -17500.0 0
3400.0 3950 -17500.0 0
7700.0 3950 -17500.0 0
12000.0 3950 -17500.0 0
16300.0 3950 -17500.0 0
20600.0 3950 -17500.0 0
24900.0 3950 -17500.0 0
29200.0 3950 -17500.0 0
33500.0 3950 -17500.0 0
33500.0 3950 -17500.0 0
29200.0 3950 -17500.0 0
24900.0 3950 -17500.0 0
20600.0 3950 -17500.0 0
16300.0 3950 -17500.0 0
12000.0 3950 -17500.0 0
7700.0 3950 -17500.0 0
3400.0 3950 -17500.0 0
3400.0 3950 -17500.0 0
7700.0 3950 -17500.0 0
12000.0 3950 -17500.0 0
16300.0 3950 -17500.0 0
20600.0 3950 -17500.0 0
24900.0 3950 -17500.0 0
29200.0 3950 -17500.0 0
33500.0 3950 -17500.0 0
33500.0 3950 -17500.0 0
29200.0 3950 -17500.0 0
24900.0 3950 -17500.0 0
20600.0 3950 -17500.0 0
16300.0 3950 -17500.0 0
12000.0 3950 -17500.0 0
7700.0 3950 -17500.0 0
3400.0 3950 -17500.0 0
3400.0 3950 -17500.0 0
7700.0 3950 -17500.0 0
12000.0 3950 -17500.0 0
16300.0 3950 -17500.0 0
20600.0 3950 -17500.0 0
24900.0 3950 -17500.0 0
29200.0 3950 -17500.0 0
33500.0 3950 -17500.0 0
33500.0 3950 -17500.0 0
29200.0 3950 -17500.0 0
24900.0 3950 -17500.0 0
20600.0 3950 -17500.0 0
16300.0 3950 -17500.0 0
12000.0 3950 -17500.0 0
7700.0 3950 -17500.0 0
3400.0 3950 -17500.0 0
3400.0 3950 -17500.0 0
7700.0 3950 -17500.0 0
12000.0 3950 -17500.0 0
16300.0 3950 -17500.0 0
20600.0 3950 -17500.0 0
24900.0 3950 -17500.0 0
29200.0 3950 -17500.0 0
33500.0 3950 -17500.0 0
33500.0 3950 -17500.0 0
29200.0 3950 -17500.0 0
24900.0 3950 -17500.0 0
20600.0 3950 -17500.0 0
16300.0 3950 -17500.0 0
12000.0 3950 -17500.0 0
7700.0 3950 -17500.0 0
3400.0 3950 -17500.0 0
3400.0 3950 -17500.0 0
7700.0 3950 -17500.0 0
12000.0 3950 -17500.0 0
16300.0 3950 -17500.0 0
20600.0 3950 -17500.0 0
24900.0 3950 -17500.0 0
29200.0 3950 -17500.0 0
33500.0 3950 -17500.0 0
33500.0 3950 -17500.0 0
29200.0 3950 -17500.0 0
24900.0 3950 -17500.0 0
20600.0 3950 -17500.0 0
16300.0 3950 -17500.0 0
12000.0 3950 -17500.0 0
7700.0 3950 -17500.0 0
3400.0 3950 -17500.0 0
3400.0 3950 -17500.0 0
7700.0 3950 -17500.0 0
12000.0 3950 -17500.0 0
16300.0 3950 -17500.0 0
20600.0 3950 -17500.0 0
24900.0 3950 -17500.0 0
29200.0 3950 -17500.0 0
33500.0 3950 -17500.0 0
33500.0 3950 -17500.0 0
29200.0 3950 -17500.0 0
24900.0 3950 -17500.0 0
20600.0 3950 -17500.0 0
16300.0 3950 -17500.0 0
12000.0 3950 -17500.0 0
7700.0 3950 -17500.0 0
3400.0 3950 -17500.0 0
3400.0 3950 -17500.0 0
7700.0 3950 -17500.0 0
12000.0 3950 -17500.0 0
16300.0 3950 -17500.0 0
20600.0 3950 -17500.0 0
24900.0 3950 -17500.0 0
29200.0 3950 -17500.0 0
33500.0 3950 -17500.0 0
33500.0 3950 -17500.0 0
29200.0 3950 -17500.0 0
24900.0 3950 -17500.0 0
20600.0 3950 -17500.0 0
16300.0 3950 -17500.0 0
12000.0 3950 -17500.0 0
7700.0 3950 -17500.0 0
3400.0 3950 -17500.0 0
3400.0 7950 -17500.0 0
7700.0 7950 -17500.0 0
12000.0 7950 -17500.0 0
16300.0 7950 -17500.0 0
20600.0 7950 -17500.0 0
24900.0 7950 -17500.0 0
29200.0 7950 -17500.0 0
33500.0 7950 -17500.0 0
33500.0 7950 -17500.0 0
29200.0 7950 -17500.0 0
24900.0 7950 -17500.0 0
20600.0 7950 -17500.0 0
16300.0 7950 -17500.0 0
12000.0 7950 -17500.0 0
7700.0 7950 -17500.0 0
3400.0 7950 -17500.0 0
3400.0 7950 -17500.0 0
7700.0 7950 -17500.0 0
12000.0 7950 -17500.0 0
16300.0 7950 -17500.0 0
20600.0 7950 -17500.0 0
24900.0 7950 -17500.0 0
29200.0 7950 -17500.0 0
33500.0 7950 -17500.0 0
33500.0 7950 -17500.0 0
29200.0 7950 -17500.0 0
24900.0 7950 -17500.0 0
20600.0 7950 -17500.0 0
16300.0 7950 -17500.0 0
12000.0 7950 -17500.0 0
7700.0 7950 -17500.0 0
3400.0 7950 -17500.0 0
3400.0 7950 -17500.0 0
7700.0 7950 -17500.0 0
12000.0 7950 -17500.0 0
16300.0 7950 -17500.0 0
20600.0 7950 -17500.0 0
24900.0 7950 -17500.0 0
29200.0 7950 -17500.0 0
33500.0 7950 -17500.0 0
33500.0 7950 -17500.0 0
29200.0 7950 -17500.0 0
24900.0 7950 -17500.0 0
20600.0 7950 -17500.0 0
16300.0 7950 -17500.0 0
12000.0 7950 -17500.0 0
7700.0 7950 -17500.0 0
3400.0 7950 -17500.0 0
3400.0 7950 -17500.0 0
7700.0 7950 -17500.0 0
12000.0 7950 -17500.0 0
16300.0 7950 -17500.0 0
20600.0 7950 -17500.0 0
24900.0 7950 -17500.0 0
29200.0 7950 -17500.0 0
33500.0 7950 -17500.0 0
33500.0 7950 -17500.0 0
29200.0 7950 -17500.0 0
24900.0 7950 -17500.0 0
20600.0 7950 -17500.0 0
16300.0 7950 -17500.0 0
12000.0 7950 -17500.0 0
7700.0 7950 -17500.0 0
3400.0 7950 -17500.0 0
3400.0 7950 -17500.0 0
7700.0 7950 -17500.0 0
12000.0 7950 -17500.0 0
16300.0 7950 -17500.0 0
20600.0 7950 -17500.0 0
24900.0 7950 -17500.0 0
29200.0 7950 -17500.0 0
33500.0 7950 -17500.0 0
33500.0 7950 -17500.0 0
29200.0 7950 -17500.0 0
24900.0 7950 -17500.0 0
20600.0 7950 -17500.0 0
16300.0 7950 -17500.0 0
12000.0 7950 -17500.0 0
7700.0 7950 -17500.0 0
3400.0 7950 -17500.0 0
3400.0 7950 -17500.0 0
7700.0 7950 -17500.0 0
12000.0 7950 -17500.0 0
16300.0 7950 -17500.0 0
20600.0 7950 -17500.0 0
24900.0 7950 -17500.0 0
29200.0 7950 -17500.0 0
33500.0 7950 -17500.0 0
33500.0 7950 -17500.0 0
29200.0 7950 -17500.0 0
24900.0 7950 -17500.0 0
20600.0 7950 -17500.0 0
16300.0 7950 -17500.0 0
12000.0 7950 -17500.0 0
7700.0 7950 -17500.0 0
3400.0 7950 -17500.0 0
3400.0 7950 -17500.0 0
7700.0 7950 -17500.0 0
12000.0 7950 -17500.0 0
16300.0 7950 -17500.0 0
20600.0 7950 -17500.0 0
24900.0 7950 -17500.0 0
29200.0 7950 -17500.0 0
33500.0 7950 -17500.0 0
33500.0 7950 -17500.0 0
29200.0 7950 -17500.0 0
24900.0 7950 -17500.0 0
20600.0 7950 -17500.0 0
16300.0 7950 -17500.0 0
12000.0 7950 -17500.0 0
7700.0 7950 -17500.0 0
3400.0 7950 -17500.0 0
3400.0 7950 -17500.0 0
7700.0 7950 -17500.0 0
12000.0 7950 -17500.0 0
16300.0 7950 -17500.0 0
20600.0 7950 -17500.0 0
24900.0 7950 -17500.0 0
29200.0 7950 -17500.0 0
33500.0 7950 -17500.0 0
33500.0 7950 -17500.0 0
29200.0 7950 -17500.0 0
24900.0 7950 -17500.0 0
20600.0 7950 -17500.0 0
16300.0 7950 -17500.0 0
12000.0 7950 -17500.0 0
7700.0 7950 -17500.0 0
3400.0 7950 -17500.0 0
3400.0 11950 -17500.0 0
7700.0 11950 -17500.0 0
12000.0 11950 -17500.0 0
16300.0 11950 -17500.0 0
20600.0 11950 -17500.0 0
24900.0 11950 -17500.0 0
29200.0 11950 -17500.0 0
33500.0 11950 -17500.0 0
33500.0 11950 -17500.0 0
29200.0 11950 -17500.0 0
24900.0 11950 -17500.0 0
20600.0 11950 -17500.0 0
16300.0 11950 -17500.0 0
12000.0 11950 -17500.0 0
7700.0 11950 -17500.0 0
3400.0 11950 -17500.0 0
3400.0 11950 -17500.0 0
7700.0 11950 -17500.0 0
12000.0 11950 -17500.0 0
16300.0 11950 -17500.0 0
20600.0 11950 -17500.0 0
24900.0 11950 -17500.0 0
29200.0 11950 -17500.0 0
33500.0 11950 -17500.0 0
33500.0 11950 -17500.0 0
29200.0 11950 -17500.0 0
24900.0 11950 -17500.0 0
20600.0 11950 -17500.0 0
16300.0 11950 -17500.0 0
12000.0 11950 -17500.0 0
7700.0 11950 -17500.0 0
3400.0 11950 -17500.0 0
3400.0 11950 -17500.0 0
7700.0 11950 -17500.0 0
12000.0 11950 -17500.0 0
16300.0 11950 -17500.0 0
20600.0 11950 -17500.0 0
24900.0 11950 -17500.0 0
29200.0 11950 -17500.0 0
33500.0 11950 -17500.0 0
33500.0 11950 -17500.0 0
29200.0 11950 -17500.0 0
24900.0 11950 -17500.0 0
20600.0 11950 -17500.0 0
16300.0 11950 -17500.0 0
12000.0 11950 -17500.0 0
7700.0 11950 -17500.0 0
3400.0 11950 -17500.0 0
3400.0 11950 -17500.0 0
7700.0 11950 -17500.0 0
12000.0 11950 -17500.0 0
16300.0 11950 -17500.0 0
20600.0 11950 -17500.0 0
24900.0 11950 -17500.0 0
29200.0 11950 -17500.0 0
33500.0 11950 -17500.0 0
33500.0 11950 -17500.0 0
29200.0 11950 -17500.0 0
24900.0 11950 -17500.0 0
20600.0 11950 -17500.0 0
16300.0 11950 -17500.0 0
12000.0 11950 -17500.0 0
7700.0 11950 -17500.0 0
3400.0 11950 -17500.0 0
3400.0 11950 -17500.0 0
7700.0 11950 -17500.0 0
12000.0 11950 -17500.0 0
16300.0 11950 -17500.0 0
20600.0 11950 -17500.0 0
24900.0 11950 -17500.0 0
29200.0 11950 -17500.0 0
33500.0 11950 -17500.0 0
33500.0 11950 -17500.0 0
29200.0 11950 -17500.0 0
24900.0 11950 -17500.0 0
20600.0 11950 -17500.0 0
16300.0 11950 -17500.0 0
12000.0 11950 -17500.0 0
7700.0 11950 -17500.0 0
3400.0 11950 -17500.0 0
3400.0 11950 -17500.0 0
7700.0 11950 -17500.0 0
12000.0 11950 -17500.0 0
16300.0 11950 -17500.0 0
20600.0 11950 -17500.0 0
24900.0 11950 -17500.0 0
29200.0 11950 -17500.0 0
33500.0 11950 -17500.0 0
33500.0 11950 -17500.0 0
29200.0 11950 -17500.0 0
24900.0 11950 -17500.0 0
20600.0 11950 -17500.0 0
16300.0 11950 -17500.0 0
12000.0 11950 -17500.0 0
7700.0 11950 -17500.0 0
3400.0 11950 -17500.0 0
3400.0 11950 -17500.0 0
7700.0 11950 -17500.0 0
12000.0 11950 -17500.0 0
16300.0 11950 -17500.0 0
20600.0 11950 -17500.0 0
24900.0 11950 -17500.0 0
29200.0 11950 -17500.0 0
33500.0 11950 -17500.0 0
33500.0 11950 -17500.0 0
29200.0 11950 -17500.0 0
24900.0 11950 -17500.0 0
20600.0 11950 -17500.0 0
16300.0 11950 -17500.0 0
12000.0 11950 -17500.0 0
7700.0 11950 -17500.0 0
3400.0 11950 -17500.0 0
3400.0 11950 -17500.0 0
7700.0 11950 -17500.0 0
12000.0 11950 -17500.0 0
16300.0 11950 -17500.0 0
20600.0 11950 -17500.0 0
24900.0 11950 -17500.0 0
29200.0 11950 -17500.0 0
33500.0 11950 -17500.0 0
33500.0 11950 -17500.0 0
29200.0 11950 -17500.0 0
24900.0 11950 -17500.0 0
20600.0 11950 -17500.0 0
16300.0 11950 -17500.0 0
12000.0 11950 -17500.0 0
7700.0 11950 -17500.0 0
3400.0 11950 -17500.0 0
3400.0 -50 -51500.0 1
7700.0 -50 -51500.0 1
12000.0 -50 -51500.0 1
16300.0 -50 -51500.0 1
20600.0 -50 -51500.0 1
24900.0 -50 -51500.0 1
29200.0 -50 -51500.0 1
33500.0 -50 -51500.0 1
33500.0 -50 -51500.0 1
29200.0 -50 -51500.0 1
24900.0 -50 -51500.0 1
20600.0 -50 -51500.0 1
16300.0 -50 -51500.0 1
12000.0 -50 -51500.0 1
7700.0 -50 -51500.0 1
3400.0 -50 -51500.0 1
3400.0 -50 -51500.0 1
7700.0 -50 -51500.0 1
12000.0 -50 -51500.0 1
16300.0 -50 -51500.0 1
20600.0 -50 -51500.0 1
24900.0 -50 -51500.0 1
29200.0 -50 -51500.0 1
33500.0 -50 -51500.0 1
33500.0 -50 -51500.0 1
29200.0 -50 -51500.0 1
24900.0 -50 -51500.0 1
20600.0 -50 -51500.0 1
16300.0 -50 -51500.0 1
12000.0 -50 -51500.0 1
7700.0 -50 -51500.0 1
3400.0 -50 -51500.0 1
3400.0 -50 -51500.0 1
7700.0 -50 -51500.0 1
12000.0 -50 -51500.0 1
16300.0 -50 -51500.0 1
20600.0 -50 -51500.0 1
24900.0 -50 -51500.0 1
29200.0 -50 -51500.0 1
33500.0 -50 -51500.0 1
33500.0 -50 -51500.0 1
29200.0 -50 -51500.0 1
24900.0 -50 -51500.0 1
20600.0 -50 -51500.0 1
16300.0 -50 -51500.0 1
12000.0 -50 -51500.0 1
7700.0 -50 -51500.0 1
3400.0 -50 -51500.0 1
3400.0 -50 -51500.0 1
7700.0 -50 -51500.0 1
12000.0 -50 -51500.0 1
16300.0 -50 -51500.0 1
20600.0 -50 -51500.0 1
24900.0 -50 -51500.0 1
29200.0 -50 -51500.0 1
33500.0 -50 -51500.0 1
33500.0 -50 -51500.0 1
29200.0 -50 -51500.0 1
24900.0 -50 -51500.0 1
20600.0 -50 -51500.0 1
16300.0 -50 -51500.0 1
12000.0 -50 -51500.0 1
7700.0 -50 -51500.0 1
3400.0 -50 -51500.0 1
3400.0 -50 -51500.0 1
7700.0 -50 -51500.0 1
12000.0 -50 -51500.0 1
16300.0 -50 -51500.0 1
20600.0 -50 -51500.0 1
24900.0 -50 -51500.0 1
29200.0 -50 -51500.0 1
33500.0 -50 -51500.0 1
33500.0 -50 -51500.0 1
29200.0 -50 -51500.0 1
24900.0 -50 -51500.0 1
20600.0 -50 -51500.0 1
16300.0 -50 -51500.0 1
12000.0 -50 -51500.0 1
7700.0 -50 -51500.0 1
3400.0 -50 -51500.0 1
3400.0 -50 -51500.0 1
7700.0 -50 -51500.0 1
12000.0 -50 -51500.0 1
16300.0 -50 -51500.0 1
20600.0 -50 -51500.0 1
24900.0 -50 -51500.0 1
29200.0 -50 -51500.0 1
33500.0 -50 -51500.0 1
33500.0 -50 -51500.0 1
29200.0 -50 -51500.0 1
24900.0 -50 -51500.0 1
20600.0 -50 -51500.0 1
16300.0 -50 -51500.0 1
12000.0 -50 -51500.0 1
7700.0 -50 -51500.0 1
3400.0 -50 -51500.0 1
3400.0 -50 -51500.0 1
7700.0 -50 -51500.0 1
12000.0 -50 -51500.0 1
16300.0 -50 -51500.0 1
20600.0 -50 -51500.0 1
24900.0 -50 -51500.0 1
29200.0 -50 -51500.0 1
33500.0 -50 -51500.0 1
33500.0 -50 -51500.0 1
29200.0 -50 -51500.0 1
24900.0 -50 -51500.0 1
20600.0 -50 -51500.0 1
16300.0 -50 -51500.0 1
12000.0 -50 -51500.0 1
7700.0 -50 -51500.0 1
3400.0 -50 -51500.0 1
3400.0 -50 -51500.0 1
7700.0 -50 -51500.0 1
12000.0 -50 -51500.0 1
16300.0 -50 -51500.0 1
20600.0 -50 -51500.0 1
24900.0 -50 -51500.0 1
29200.0 -50 -51500.0 1
33500.0 -50 -51500.0 1
33500.0 -50 -51500.0 1
29200.0 -50 -51500.0 1
24900.0 -50 -51500.0 1
20600.0 -50 -51500.0 1
16300.0 -50 -51500.0 1
12000.0 -50 -51500.0 1
7700.0 -50 -51500.0 1
3400.0 -50 -51500.0 1
3400.0 3950 -51500.0 1
7700.0 3950 -51500.0 1
12000.0 3950 -51500.0 1
16300.0 3950 -51500.0 1
20600.0 3950 -51500.0 1
24900.0 3950 -51500.0 1
29200.0 3950 -51500.0 1
33500.0 3950 -51500.0 1
33500.0 3950 -51500.0 1
29200.0 3950 -51500.0 1
24900.0 3950 -51500.0 1
20600.0 3950 -51500.0 1
16300.0 3950 -51500.0 1
12000.0 3950 -51500.0 1
7700.0 3950 -51500.0 1
3400.0 3950 -51500.0 1
3400.0 3950 -51500.0 1
7700.0 3950 -51500.0 1
12000.0 3950 -51500.0 1
16300.0 3950 -51500.0 1
20600.0 3950 -51500.0 1
24900.0 3950 -51500.0 1
29200.0 3950 -51500.0 1
33500.0 3950 -51500.0 1
33500.0 3950 -51500.0 1
29200.0 3950 -51500.0 1
24900.0 3950 -51500.0 1
20600.0 3950 -51500.0 1
16300.0 3950 -51500.0 1
12000.0 3950 -51500.0 1
7700.0 3950 -51500.0 1
3400.0 3950 -51500.0 1
3400.0 3950 -51500.0 1
7700.0 3950 -51500.0 1
12000.0 3950 -51500.0 1
16300.0 3950 -51500.0 1
20600.0 3950 -51500.0 1
24900.0 3950 -51500.0 1
29200.0 3950 -51500.0 1
33500.0 3950 -51500.0 1
33500.0 3950 -51500.0 1
29200.0 3950 -51500.0 1
24900.0 3950 -51500.0 1
20600.0 3950 -51500.0 1
16300.0 3950 -51500.0 1
12000.0 3950 -51500.0 1
7700.0 3950 -51500.0 1
3400.0 3950 -51500.0 1
3400.0 3950 -51500.0 1
7700.0 3950 -51500.0 1
12000.0 3950 -51500.0 1
16300.0 3950 -51500.0 1
20600.0 3950 -51500.0 1
24900.0 3950 -51500.0 1
29200.0 3950 -51500.0 1
33500.0 3950 -51500.0 1
33500.0 3950 -51500.0 1
29200.0 3950 -51500.0 1
24900.0 3950 -51500.0 1
20600.0 3950 -51500.0 1
16300.0 3950 -51500.0 1
12000.0 3950 -51500.0 1
7700.0 3950 -51500.0 1
3400.0 3950 -51500.0 1
3400.0 3950 -51500.0 1
7700.0 3950 -51500.0 1
12000.0 3950 -51500.0 1
16300.0 3950 -51500.0 1
20600.0 3950 -51500.0 1
24900.0 3950 -51500.0 1
29200.0 3950 -51500.0 1
33500.0 3950 -51500.0 1
33500.0 3950 -51500.0 1
29200.0 3950 -51500.0 1
24900.0 3950 -51500.0 1
20600.0 3950 -51500.0 1
16300.0 3950 -51500.0 1
12000.0 3950 -51500.0 1
7700.0 3950 -51500.0 1
3400.0 3950 -51500.0 1
3400.0 3950 -51500.0 1
7700.0 3950 -51500.0 1
12000.0 3950 -51500.0 1
16300.0 3950 -51500.0 1
20600.0 3950 -51500.0 1
24900.0 3950 -51500.0 1
29200.0 3950 -51500.0 1
33500.0 3950 -51500.0 1
33500.0 3950 -51500.0 1
29200.0 3950 -51500.0 1
24900.0 3950 -51500.0 1
20600.0 3950 -51500.0 1
16300.0 3950 -51500.0 1
12000.0 3950 -51500.0 1
7700.0 3950 -51500.0 1
3400.0 3950 -51500.0 1
3400.0 3950 -51500.0 1
7700.0 3950 -51500.0 1
12000.0 3950 -51500.0 1
16300.0 3950 -51500.0 1
20600.0 3950 -51500.0 1
24900.0 3950 -51500.0 1
29200.0 3950 -51500.0 1
33500.0 3950 -51500.0 1
33500.0 3950 -51500.0 1
29200.0 3950 -51500.0 1
24900.0 3950 -51500.0 1
20600.0 3950 -51500.0 1
16300.0 3950 -51500.0 1
12000.0 3950 -51500.0 1
7700.0 3950 -51500.0 1
3400.0 3950 -51500.0 1
3400.0 3950 -51500.0 1
7700.0 3950 -51500.0 1
12000.0 3950 -51500.0 1
16300.0 3950 -51500.0 1
20600.0 3950 -51500.0 1
24900.0 3950 -51500.0 1
29200.0 3950 -51500.0 1
33500.0 3950 -51500.0 1
33500.0 3950 -51500.0 1
29200.0 3950 -51500.0 1
24900.0 3950 -51500.0 1
20600.0 3950 -51500.0 1
16300.0 3950 -51500.0 1
12000.0 3950 -51500.0 1
7700.0 3950 -51500.0 1
3400.0 3950 -51500.0 1
3400.0 7950 -51500.0 1
7700.0 7950 -51500.0 1
12000.0 7950 -51500.0 1
16300.0 7950 -51500.0 1
20600.0 7950 -51500.0 1
24900.0 7950 -51500.0 1
29200.0 7950 -51500.0 1
33500.0 7950 -51500.0 1
33500.0 7950 -51500.0 1
29200.0 7950 -51500.0 1
24900.0 7950 -51500.0 1
20600.0 7950 -51500.0 1
16300.0 7950 -51500.0 1
12000.0 7950 -51500.0 1
7700.0 7950 -51500.0 1
3400.0 7950 -51500.0 1
3400.0 7950 -51500.0 1
7700.0 7950 -51500.0 1
12000.0 7950 -51500.0 1
16300.0 7950 -51500.0 1
20600.0 7950 -51500.0 1
24900.0 7950 -51500.0 1
29200.0 7950 -51500.0 1
33500.0 7950 -51500.0 1
33500.0 7950 -51500.0 1
29200.0 7950 -51500.0 1
24900.0 7950 -51500.0 1
20600.0 7950 -51500.0 1
16300.0 7950 -51500.0 1
12000.0 7950 -51500.0 1
7700.0 7950 -51500.0 1
3400.0 7950 -51500.0 1
3400.0 7950 -51500.0 1
7700.0 7950 -51500.0 1
12000.0 7950 -51500.0 1
16300.0 7950 -51500.0 1
20600.0 7950 -51500.0 1
24900.0 7950 -51500.0 1
29200.0 7950 -51500.0 1
33500.0 7950 -51500.0 1
33500.0 7950 -51500.0 1
29200.0 7950 -51500.0 1
24900.0 7950 -51500.0 1
20600.0 7950 -51500.0 1
16300.0 7950 -51500.0 1
12000.0 7950 -51500.0 1
7700.0 7950 -51500.0 1
3400.0 7950 -51500.0 1
3400.0 7950 -51500.0 1
7700.0 7950 -51500.0 1
12000.0 7950 -51500.0 1
16300.0 7950 -51500.0 1
20600.0 7950 -51500.0 1
24900.0 7950 -51500.0 1
29200.0 7950 -51500.0 1
33500.0 7950 -51500.0 1
33500.0 7950 -51500.0 1
29200.0 7950 -51500.0 1
24900.0 7950 -51500.0 1
20600.0 7950 -51500.0 1
16300.0 7950 -51500.0 1
12000.0 7950 -51500.0 1
7700.0 7950 -51500.0 1
3400.0 7950 -51500.0 1
3400.0 7950 -51500.0 1
7700.0 7950 -51500.0 1
12000.0 7950 -51500.0 1
16300.0 7950 -51500.0 1
20600.0 7950 -51500.0 1
24900.0 7950 -51500.0 1
29200.0 7950 -51500.0 1
33500.0 7950 -51500.0 1
33500.0 7950 -51500.0 1
29200.0 7950 -51500.0 1
24900.0 7950 -51500.0 1
20600.0 7950 -51500.0 1
16300.0 7950 -51500.0 1
12000.0 7950 -51500.0 1
7700.0 7950 -51500.0 1
3400.0 7950 -51500.0 1
3400.0 7950 -51500.0 1
7700.0 7950 -51500.0 1
12000.0 7950 -51500.0 1
16300.0 7950 -51500.0 1
20600.0 7950 -51500.0 1
24900.0 7950 -51500.0 1
29200.0 7950 -51500.0 1
33500.0 7950 -51500.0 1
33500.0 7950 -51500.0 1
29200.0 7950 -51500.0 1
24900.0 7950 -51500.0 1
20600.0 7950 -51500.0 1
16300.0 7950 -51500.0 1
12000.0 7950 -51500.0 1
7700.0 7950 -51500.0 1
3400.0 7950 -51500.0 1
3400.0 7950 -51500.0 1
7700.0 7950 -51500.0 1
12000.0 7950 -51500.0 1
16300.0 7950 -51500.0 1
20600.0 7950 -51500.0 1
24900.0 7950 -51500.0 1
29200.0 7950 -51500.0 1
33500.0 7950 -51500.0 1
33500.0 7950 -51500.0 1
29200.0 7950 -51500.0 1
24900.0 7950 -51500.0 1
20600.0 7950 -51500.0 1
16300.0 7950 -51500.0 1
12000.0 7950 -51500.0 1
7700.0 7950 -51500.0 1
3400.0 7950 -51500.0 1
3400.0 7950 -51500.0 1
7700.0 7950 -51500.0 1
12000.0 7950 -51500.0 1
16300.0 7950 -51500.0 1
20600.0 7950 -51500.0 1
24900.0 7950 -51500.0 1
29200.0 7950 -51500.0 1
33500.0 7950 -51500.0 1
33500.0 7950 -51500.0 1
29200.0 7950 -51500.0 1
24900.0 7950 -51500.0 1
20600.0 7950 -51500.0 1
16300.0 7950 -51500.0 1
12000.0 7950 -51500.0 1
7700.0 7950 -51500.0 1
3400.0 7950 -51500.0 1
3400.0 11950 -51500.0 1
7700.0 11950 -51500.0 1
12000.0 11950 -51500.0 1
16300.0 11950 -51500.0 1
20600.0 11950 -51500.0 1
24900.0 11950 -51500.0 1
29200.0 11950 -51500.0 1
33500.0 11950 -51500.0 1
33500.0 11950 -51500.0 1
29200.0 11950 -51500.0 1
24900.0 11950 -51500.0 1
20600.0 11950 -51500.0 1
16300.0 11950 -51500.0 1
12000.0 11950 -51500.0 1
7700.0 11950 -51500.0 1
3400.0 11950 -51500.0 1
3400.0 11950 -51500.0 1
7700.0 11950 -51500.0 1
12000.0 11950 -51500.0 1
16300.0 11950 -51500.0 1
20600.0 11950 -51500.0 1
24900.0 11950 -51500.0 1
29200.0 11950 -51500.0 1
33500.0 11950 -51500.0 1
33500.0 11950 -51500.0 1
29200.0 11950 -51500.0 1
24900.0 11950 -51500.0 1
20600.0 11950 -51500.0 1
16300.0 11950 -51500.0 1
12000.0 11950 -51500.0 1
7700.0 11950 -51500.0 1
3400.0 11950 -51500.0 1
3400.0 11950 -51500.0 1
7700.0 11950 -51500.0 1
12000.0 11950 -51500.0 1
16300.0 11950 -51500.0 1
20600.0 11950 -51500.0 1
24900.0 11950 -51500.0 1
29200.0 11950 -51500.0 1
33500.0 11950 -51500.0 1
33500.0 11950 -51500.0 1
29200.0 11950 -51500.0 1
24900.0 11950 -51500.0 1
20600.0 11950 -51500.0 1
16300.0 11950 -51500.0 1
12000.0 11950 -51500.0 1
7700.0 11950 -51500.0 1
3400.0 11950 -51500.0 1
3400.0 11950 -51500.0 1
7700.0 11950 -51500.0 1
12000.0 11950 -51500.0 1
16300.0 11950 -51500.0 1
20600.0 11950 -51500.0 1
24900.0 11950 -51500.0 1
29200.0 11950 -51500.0 1
33500.0 11950 -51500.0 1
33500.0 11950 -51500.0 1
29200.0 11950 -51500.0 1
24900.0 11950 -51500.0 1
20600.0 11950 -51500.0 1
16300.0 11950 -51500.0 1
12000.0 11950 -51500.0 1
7700.0 11950 -51500.0 1
3400.0 11950 -51500.0 1
3400.0 11950 -51500.0 1
7700.0 11950 -51500.0 1
12000.0 11950 -51500.0 1
16300.0 11950 -51500.0 1
20600.0 11950 -51500.0 1
24900.0 11950 -51500.0 1
29200.0 11950 -51500.0 1
33500.0 11950 -51500.0 1
33500.0 11950 -51500.0 1
29200.0 11950 -51500.0 1
24900.0 11950 -51500.0 1
20600.0 11950 -51500.0 1
16300.0 11950 -51500.0 1
12000.0 11950 -51500.0 1
7700.0 11950 -51500.0 1
3400.0 11950 -51500.0 1
3400.0 11950 -51500.0 1
7700.0 11950 -51500.0 1
12000.0 11950 -51500.0 1
16300.0 11950 -51500.0 1
20600.0 11950 -51500.0 1
24900.0 11950 -51500.0 1
29200.0 11950 -51500.0 1
33500.0 11950 -51500.0 1
33500.0 11950 -51500.0 1
29200.0 11950 -51500.0 1
24900.0 11950 -51500.0 1
20600.0 11950 -51500.0 1
16300.0 11950 -51500.0 1
12000.0 11950 -51500.0 1
7700.0 11950 -51500.0 1
3400.0 11950 -51500.0 1
3400.0 11950 -51500.0 1
7700.0 11950 -51500.0 1
12000.0 11950 -51500.0 1
16300.0 11950 -51500.0 1
20600.0 11950 -51500.0 1
24900.0 11950 -51500.0 1
29200.0 11950 -51500.0 1
33500.0 11950 -51500.0 1
33500.0 11950 -51500.0 1
29200.0 11950 -51500.0 1
24900.0 11950 -51500.0 1
20600.0 11950 -51500.0 1
16300.0 11950 -51500.0 1
12000.0 11950 -51500.0 1
7700.0 11950 -51500.0 1
3400.0 11950 -51500.0 1
3400.0 11950 -51500.0 1
7700.0 11950 -51500.0 1
12000.0 11950 -51500.0 1
16300.0 11950 -51500.0 1
20600.0 11950 -51500.0 1
24900.0 11950 -51500.0 1
29200.0 11950 -51500.0 1
33500.0 11950 -51500.0 1
33500.0 11950 -51500.0 1
29200.0 11950 -51500.0 1
24900.0 11950 -51500.0 1
20600.0 11950 -51500.0 1
16300.0 11950 -51500.0 1
12000.0 11950 -51500.0 1
7700.0 11950 -51500.0 1
3400.0 11950 -51500.0 1
3400.0 -50 -34500.0 1
7700.0 -50 -34500.0 1
12000.0 -50 -34500.0 1
16300.0 -50 -34500.0 1
20600.0 -50 -34500.0 1
24900.0 -50 -34500.0 1
29200.0 -50 -34500.0 1
33500.0 -50 -34500.0 1
33500.0 -50 -34500.0 1
29200.0 -50 -34500.0 1
24900.0 -50 -34500.0 1
20600.0 -50 -34500.0 1
16300.0 -50 -34500.0 1
12000.0 -50 -34500.0 1
7700.0 -50 -34500.0 1
3400.0 -50 -34500.0 1
3400.0 -50 -34500.0 1
7700.0 -50 -34500.0 1
12000.0 -50 -34500.0 1
16300.0 -50 -34500.0 1
20600.0 -50 -34500.0 1
24900.0 -50 -34500.0 1
29200.0 -50 -34500.0 1
33500.0 -50 -34500.0 1
33500.0 -50 -34500.0 1
29200.0 -50 -34500.0 1
24900.0 -50 -34500.0 1
20600.0 -50 -34500.0 1
16300.0 -50 -34500.0 1
12000.0 -50 -34500.0 1
7700.0 -50 -34500.0 1
3400.0 -50 -34500.0 1
3400.0 -50 -34500.0 1
7700.0 -50 -34500.0 1
12000.0 -50 -34500.0 1
16300.0 -50 -34500.0 1
20600.0 -50 -34500.0 1
24900.0 -50 -34500.0 1
29200.0 -50 -34500.0 1
33500.0 -50 -34500.0 1
33500.0 -50 -34500.0 1
29200.0 -50 -34500.0 1
24900.0 -50 -34500.0 1
20600.0 -50 -34500.0 1
16300.0 -50 -34500.0 1
12000.0 -50 -34500.0 1
7700.0 -50 -34500.0 1
3400.0 -50 -34500.0 1
3400.0 -50 -34500.0 1
7700.0 -50 -34500.0 1
12000.0 -50 -34500.0 1
16300.0 -50 -34500.0 1
20600.0 -50 -34500.0 1
24900.0 -50 -34500.0 1
29200.0 -50 -34500.0 1
33500.0 -50 -34500.0 1
33500.0 -50 -34500.0 1
29200.0 -50 -34500.0 1
24900.0 -50 -34500.0 1
20600.0 -50 -34500.0 1
16300.0 -50 -34500.0 1
12000.0 -50 -34500.0 1
7700.0 -50 -34500.0 1
3400.0 -50 -34500.0 1
3400.0 -50 -34500.0 1
7700.0 -50 -34500.0 1
12000.0 -50 -34500.0 1
16300.0 -50 -34500.0 1
20600.0 -50 -34500.0 1
24900.0 -50 -34500.0 1
29200.0 -50 -34500.0 1
33500.0 -50 -34500.0 1
33500.0 -50 -34500.0 1
29200.0 -50 -34500.0 1
24900.0 -50 -34500.0 1
20600.0 -50 -34500.0 1
16300.0 -50 -34500.0 1
12000.0 -50 -34500.0 1
7700.0 -50 -34500.0 1
3400.0 -50 -34500.0 1
3400.0 -50 -34500.0 1
7700.0 -50 -34500.0 1
12000.0 -50 -34500.0 1
16300.0 -50 -34500.0 1
20600.0 -50 -34500.0 1
24900.0 -50 -34500.0 1
29200.0 -50 -34500.0 1
33500.0 -50 -34500.0 1
33500.0 -50 -34500.0 1
29200.0 -50 -34500.0 1
24900.0 -50 -34500.0 1
20600.0 -50 -34500.0 1
16300.0 -50 -34500.0 1
12000.0 -50 -34500.0 1
7700.0 -50 -34500.0 1
3400.0 -50 -34500.0 1
3400.0 -50 -34500.0 1
7700.0 -50 -34500.0 1
12000.0 -50 -34500.0 1
16300.0 -50 -34500.0 1
20600.0 -50 -34500.0 1
24900.0 -50 -34500.0 1
29200.0 -50 -34500.0 1
33500.0 -50 -34500.0 1
33500.0 -50 -34500.0 1
29200.0 -50 -34500.0 1
24900.0 -50 -34500.0 1
20600.0 -50 -34500.0 1
16300.0 -50 -34500.0 1
12000.0 -50 -34500.0 1
7700.0 -50 -34500.0 1
3400.0 -50 -34500.0 1
3400.0 -50 -34500.0 1
7700.0 -50 -34500.0 1
12000.0 -50 -34500.0 1
16300.0 -50 -34500.0 1
20600.0 -50 -34500.0 1
24900.0 -50 -34500.0 1
29200.0 -50 -34500.0 1
33500.0 -50 -34500.0 1
33500.0 -50 -34500.0 1
29200.0 -50 -34500.0 1
24900.0 -50 -34500.0 1
20600.0 -50 -34500.0 1
16300.0 -50 -34500.0 1
12000.0 -50 -34500.0 1
7700.0 -50 -34500.0 1
3400.0 -50 -34500.0 1
3400.0 3950 -34500.0 1
7700.0 3950 -34500.0 1
12000.0 3950 -34500.0 1
16300.0 3950 -34500.0 1
20600.0 3950 -34500.0 1
24900.0 3950 -34500.0 1
29200.0 3950 -34500.0 1
33500.0 3950 -34500.0 1
33500.0 3950 -34500.0 1
29200.0 3950 -34500.0 1
24900.0 3950 -34500.0 1
20600.0 3950 -34500.0 1
16300.0 3950 -34500.0 1
12000.0 3950 -34500.0 1
7700.0 3950 -34500.0 1
3400.0 3950 -34500.0 1
3400.0 3950 -34500.0 1
7700.0 3950 -34500.0 1
12000.0 3950 -34500.0 1
16300.0 3950 -34500.0 1
20600.0 3950 -34500.0 1
24900.0 3950 -34500.0 1
29200.0 3950 -34500.0 1
33500.0 3950 -34500.0 1
33500.0 3950 -34500.0 1
29200.0 3950 -34500.0 1
24900.0 3950 -34500.0 1
20600.0 3950 -34500.0 1
16300.0 3950 -34500.0 1
12000.0 3950 -34500.0 1
7700.0 3950 -34500.0 1
3400.0 3950 -34500.0 1
3400.0 3950 -34500.0 1
7700.0 3950 -34500.0 1
12000.0 3950 -34500.0 1
16300.0 3950 -34500.0 1
20600.0 3950 -34500.0 1
24900.0 3950 -34500.0 1
29200.0 3950 -34500.0 1
33500.0 3950 -34500.0 1
33500.0 3950 -34500.0 1
29200.0 3950 -34500.0 1
24900.0 3950 -34500.0 1
20600.0 3950 -34500.0 1
16300.0 3950 -34500.0 1
12000.0 3950 -34500.0 1
7700.0 3950 -34500.0 1
3400.0 3950 -34500.0 1
3400.0 3950 -34500.0 1
7700.0 3950 -34500.0 1
12000.0 3950 -34500.0 1
16300.0 3950 -34500.0 1
20600.0 3950 -34500.0 1
24900.0 3950 -34500.0 1
29200.0 3950 -34500.0 1
33500.0 3950 -34500.0 1
33500.0 3950 -34500.0 1
29200.0 3950 -34500.0 1
24900.0 3950 -34500.0 1
20600.0 3950 -34500.0 1
16300.0 3950 -34500.0 1
12000.0 3950 -34500.0 1
7700.0 3950 -34500.0 1
3400.0 3950 -34500.0 1
3400.0 3950 -34500.0 1
7700.0 3950 -34500.0 1
12000.0 3950 -34500.0 1
16300.0 3950 -34500.0 1
20600.0 3950 -34500.0 1
24900.0 3950 -34500.0 1
29200.0 3950 -34500.0 1
33500.0 3950 -34500.0 1
33500.0 3950 -34500.0 1
29200.0 3950 -34500.0 1
24900.0 3950 -34500.0 1
20600.0 3950 -34500.0 1
16300.0 3950 -34500.0 1
12000.0 3950 -34500.0 1
7700.0 3950 -34500.0 1
3400.0 3950 -34500.0 1
3400.0 3950 -34500.0 1
7700.0 3950 -34500.0 1
12000.0 3950 -34500.0 1
16300.0 3950 -34500.0 1
20600.0 3950 -34500.0 1
24900.0 3950 -34500.0 1
29200.0 3950 -34500.0 1
33500.0 3950 -34500.0 1
33500.0 3950 -34500.0 1
29200.0 3950 -34500.0 1
24900.0 3950 -34500.0 1
20600.0 3950 -34500.0 1
16300.0 3950 -34500.0 1
12000.0 3950 -34500.0 1
7700.0 3950 -34500.0 1
3400.0 3950 -34500.0 1
3400.0 3950 -34500.0 1
7700.0 3950 -34500.0 1
12000.0 3950 -34500.0 1
16300.0 3950 -34500.0 1
20600.0 3950 -34500.0 1
24900.0 3950 -34500.0 1
29200.0 3950 -34500.0 1
33500.0 3950 -34500.0 1
33500.0 3950 -34500.0 1
29200.0 3950 -34500.0 1
24900.0 3950 -34500.0 1
20600.0 3950 -34500.0 1
16300.0 3950 -34500.0 1
12000.0 3950 -34500.0 1
7700.0 3950 -34500.0 1
3400.0 3950 -34500.0 1
3400.0 3950 -34500.0 1
7700.0 3950 -34500.0 1
12000.0 3950 -34500.0 1
16300.0 3950 -34500.0 1
20600.0 3950 -34500.0 1
24900.0 3950 -34500.0 1
29200.0 3950 -34500.0 1
33500.0 3950 -34500.0 1
33500.0 3950 -34500.0 1
29200.0 3950 -34500.0 1
24900.0 3950 -34500.0 1
20600.0 3950 -34500.0 1
16300.0 3950 -34500.0 1
12000.0 3950 -34500.0 1
7700.0 3950 -34500.0 1
3400.0 3950 -34500.0 1
3400.0 7950 -34500.0 1
7700.0 7950 -34500.0 1
12000.0 7950 -34500.0 1
16300.0 7950 -34500.0 1
20600.0 7950 -34500.0 1
24900.0 7950 -34500.0 1
29200.0 7950 -34500.0 1
33500.0 7950 -34500.0 1
33500.0 7950 -34500.0 1
29200.0 7950 -34500.0 1
24900.0 7950 -34500.0 1
20600.0 7950 -34500.0 1
16300.0 7950 -34500.0 1
12000.0 7950 -34500.0 1
7700.0 7950 -34500.0 1
3400.0 7950 -34500.0 1
3400.0 7950 -34500.0 1
7700.0 7950 -34500.0 1
12000.0 7950 -34500.0 1
16300.0 7950 -34500.0 1
20600.0 7950 -34500.0 1
24900.0 7950 -34500.0 1
29200.0 7950 -34500.0 1
33500.0 7950 -34500.0 1
33500.0 7950 -34500.0 1
29200.0 7950 -34500.0 1
24900.0 7950 -34500.0 1
20600.0 7950 -34500.0 1
16300.0 7950 -34500.0 1
12000.0 7950 -34500.0 1
7700.0 7950 -34500.0 1
3400.0 7950 -34500.0 1
3400.0 7950 -34500.0 1
7700.0 7950 -34500.0 1
12000.0 7950 -34500.0 1
16300.0 7950 -34500.0 1
20600.0 7950 -34500.0 1
24900.0 7950 -34500.0 1
29200.0 7950 -34500.0 1
33500.0 7950 -34500.0 1
33500.0 7950 -34500.0 1
29200.0 7950 -34500.0 1
24900.0 7950 -34500.0 1
20600.0 7950 -34500.0 1
16300.0 7950 -34500.0 1
12000.0 7950 -34500.0 1
7700.0 7950 -34500.0 1
3400.0 7950 -34500.0 1
3400.0 7950 -34500.0 1
7700.0 7950 -34500.0 1
12000.0 7950 -34500.0 1
16300.0 7950 -34500.0 1
20600.0 7950 -34500.0 1
24900.0 7950 -34500.0 1
29200.0 7950 -34500.0 1
33500.0 7950 -34500.0 1
33500.0 7950 -34500.0 1
29200.0 7950 -34500.0 1
24900.0 7950 -34500.0 1
20600.0 7950 -34500.0 1
16300.0 7950 -34500.0 1
12000.0 7950 -34500.0 1
7700.0 7950 -34500.0 1
3400.0 7950 -34500.0 1
3400.0 7950 -34500.0 1
7700.0 7950 -34500.0 1
12000.0 7950 -34500.0 1
16300.0 7950 -34500.0 1
20600.0 7950 -34500.0 1
24900.0 7950 -34500.0 1
29200.0 7950 -34500.0 1
33500.0 7950 -34500.0 1
33500.0 7950 -34500.0 1
29200.0 7950 -34500.0 1
24900.0 7950 -34500.0 1
20600.0 7950 -34500.0 1
16300.0 7950 -34500.0 1
12000.0 7950 -34500.0 1
7700.0 7950 -34500.0 1
3400.0 7950 -34500.0 1
3400.0 7950 -34500.0 1
7700.0 7950 -34500.0 1
12000.0 7950 -34500.0 1
16300.0 7950 -34500.0 1
20600.0 7950 -34500.0 1
24900.0 7950 -34500.0 1
29200.0 7950 -34500.0 1
33500.0 7950 -34500.0 1
33500.0 7950 -34500.0 1
29200.0 7950 -34500.0 1
24900.0 7950 -34500.0 1
20600.0 7950 -34500.0 1
16300.0 7950 -34500.0 1
12000.0 7950 -34500.0 1
7700.0 7950 -34500.0 1
3400.0 7950 -34500.0 1
3400.0 7950 -34500.0 1
7700.0 7950 -34500.0 1
12000.0 7950 -34500.0 1
16300.0 7950 -34500.0 1
20600.0 7950 -34500.0 1
24900.0 7950 -34500.0 1
29200.0 7950 -34500.0 1
33500.0 7950 -34500.0 1
33500.0 7950 -34500.0 1
29200.0 7950 -34500.0 1
24900.0 7950 -34500.0 1
20600.0 7950 -34500.0 1
16300.0 7950 -34500.0 1
12000.0 7950 -34500.0 1
7700.0 7950 -34500.0 1
3400.0 7950 -34500.0 1
3400.0 7950 -34500.0 1
7700.0 7950 -34500.0 1
12000.0 7950 -34500.0 1
16300.0 7950 -34500.0 1
20600.0 7950 -34500.0 1
24900.0 7950 -34500.0 1
29200.0 7950 -34500.0 1
33500.0 7950 -34500.0 1
33500.0 7950 -34500.0 1
29200.0 7950 -34500.0 1
24900.0 7950 -34500.0 1
20600.0 7950 -34500.0 1
16300.0 7950 -34500.0 1
12000.0 7950 -34500.0 1
7700.0 7950 -34500.0 1
3400.0 7950 -34500.0 1
3400.0 11950 -34500.0 1
7700.0 11950 -34500.0 1
12000.0 11950 -34500.0 1
16300.0 11950 -34500.0 1
20600.0 11950 -34500.0 1
24900.0 11950 -34500.0 1
29200.0 11950 -34500.0 1
33500.0 11950 -34500.0 1
33500.0 11950 -34500.0 1
29200.0 11950 -34500.0 1
24900.0 11950 -34500.0 1
20600.0 11950 -34500.0 1
16300.0 11950 -34500.0 1
12000.0 11950 -34500.0 1
7700.0 11950 -34500.0 1
3400.0 11950 -34500.0 1
3400.0 11950 -34500.0 1
7700.0 11950 -34500.0 1
12000.0 11950 -34500.0 1
16300.0 11950 -34500.0 1
20600.0 11950 -34500.0 1
24900.0 11950 -34500.0 1
29200.0 11950 -34500.0 1
33500.0 11950 -34500.0 1
33500.0 11950 -34500.0 1
29200.0 11950 -34500.0 1
24900.0 11950 -34500.0 1
20600.0 11950 -34500.0 1
16300.0 11950 -34500.0 1
12000.0 11950 -34500.0 1
7700.0 11950 -34500.0 1
3400.0 11950 -34500.0 1
3400.0 11950 -34500.0 1
7700.0 11950 -34500.0 1
12000.0 11950 -34500.0 1
16300.0 11950 -34500.0 1
20600.0 11950 -34500.0 1
24900.0 11950 -34500.0 1
29200.0 11950 -34500.0 1
33500.0 11950 -34500.0 1
33500.0 11950 -34500.0 1
29200.0 11950 -34500.0 1
24900.0 11950 -34500.0 1
20600.0 11950 -34500.0 1
16300.0 11950 -34500.0 1
12000.0 11950 -34500.0 1
7700.0 11950 -34500.0 1
3400.0 11950 -34500.0 1
3400.0 11950 -34500.0 1
7700.0 11950 -34500.0 1
12000.0 11950 -34500.0 1
16300.0 11950 -34500.0 1
20600.0 11950 -34500.0 1
24900.0 11950 -34500.0 1
29200.0 11950 -34500.0 1
33500.0 11950 -34500.0 1
33500.0 11950 -34500.0 1
29200.0 11950 -34500.0 1
24900.0 11950 -34500.0 1
20600.0 11950 -34500.0 1
16300.0 11950 -34500.0 1
12000.0 11950 -34500.0 1
7700.0 11950 -34500.0 1
3400.0 11950 -34500.0 1
3400.0 11950 -34500.0 1
7700.0 11950 -34500.0 1
12000.0 11950 -34500.0 1
16300.0 11950 -34500.0 1
20600.0 11950 -34500.0 1
24900.0 11950 -34500.0 1
29200.0 11950 -34500.0 1
33500.0 11950 -34500.0 1
33500.0 11950 -34500.0 1
29200.0 11950 -34500.0 1
24900.0 11950 -34500.0 1
20600.0 11950 -34500.0 1
16300.0 11950 -34500.0 1
12000.0 11950 -34500.0 1
7700.0 11950 -34500.0 1
3400.0 11950 -34500.0 1
3400.0 11950 -34500.0 1
7700.0 11950 -34500.0 1
12000.0 11950 -34500.0 1
16300.0 11950 -34500.0 1
20600.0 11950 -34500.0 1
24900.0 11950 -34500.0 1
29200.0 11950 -34500.0 1
33500.0 11950 -34500.0 1
33500.0 11950 -34500.0 1
29200.0 11950 -34500.0 1
24900.0 11950 -34500.0 1
20600.0 11950 -34500.0 1
16300.0 11950 -34500.0 1
12000.0 11950 -34500.0 1
7700.0 11950 -34500.0 1
3400.0 11950 -34500.0 1
3400.0 11950 -34500.0 1
7700.0 11950 -34500.0 1
12000.0 11950 -34500.0 1
16300.0 11950 -34500.0 1
20600.0 11950 -34500.0 1
24900.0 11950 -34500.0 1
29200.0 11950 -34500.0 1
33500.0 11950 -34500.0 1
33500.0 11950 -34500.0 1
29200.0 11950 -34500.0 1
24900.0 11950 -34500.0 1
20600.0 11950 -34500.0 1
16300.0 11950 -34500.0 1
12000.0 11950 -34500.0 1
7700.0 11950 -34500.0 1
3400.0 11950 -34500.0 1
3400.0 11950 -34500.0 1
7700.0 11950 -34500.0 1
12000.0 11950 -34500.0 1
16300.0 11950 -34500.0 1
20600.0 11950 -34500.0 1
24900.0 11950 -34500.0 1
29200.0 11950 -34500.0 1
33500.0 11950 -34500.0 1
33500.0 11950 -34500.0 1
29200.0 11950 -34500.0 1
24900.0 11950 -34500.0 1
20600.0 11950 -34500.0 1
16300.0 11950 -34500.0 1
12000.0 11950 -34500.0 1
7700.0 11950 -34500.0 1
3400.0 11950 -34500.0 1
3400.0 -50 -17500.0 1
7700.0 -50 -17500.0 1
12000.0 -50 -17500.0 1
16300.0 -50 -17500.0 1
20600.0 -50 -17500.0 1
24900.0 -50 -17500.0 1
29200.0 -50 -17500.0 1
33500.0 -50 -17500.0 1
33500.0 -50 -17500.0 1
29200.0 -50 -17500.0 1
24900.0 -50 -17500.0 1
20600.0 -50 -17500.0 1
16300.0 -50 -17500.0 1
12000.0 -50 -17500.0 1
7700.0 -50 -17500.0 1
3400.0 -50 -17500.0 1
3400.0 -50 -17500.0 1
7700.0 -50 -17500.0 1
12000.0 -50 -17500.0 1
16300.0 -50 -17500.0 1
20600.0 -50 -17500.0 1
24900.0 -50 -17500.0 1
29200.0 -50 -17500.0 1
33500.0 -50 -17500.0 1
33500.0 -50 -17500.0 1
29200.0 -50 -17500.0 1
24900.0 -50 -17500.0 1
20600.0 -50 -17500.0 1
16300.0 -50 -17500.0 1
12000.0 -50 -17500.0 1
7700.0 -50 -17500.0 1
3400.0 -50 -17500.0 1
3400.0 -50 -17500.0 1
7700.0 -50 -17500.0 1
12000.0 -50 -17500.0 1
16300.0 -50 -17500.0 1
20600.0 -50 -17500.0 1
24900.0 -50 -17500.0 1
29200.0 -50 -17500.0 1
33500.0 -50 -17500.0 1
33500.0 -50 -17500.0 1
29200.0 -50 -17500.0 1
24900.0 -50 -17500.0 1
20600.0 -50 -17500.0 1
16300.0 -50 -17500.0 1
12000.0 -50 -17500.0 1
7700.0 -50 -17500.0 1
3400.0 -50 -17500.0 1
3400.0 -50 -17500.0 1
7700.0 -50 -17500.0 1
12000.0 -50 -17500.0 1
16300.0 -50 -17500.0 1
20600.0 -50 -17500.0 1
24900.0 -50 -17500.0 1
29200.0 -50 -17500.0 1
33500.0 -50 -17500.0 1
33500.0 -50 -17500.0 1
29200.0 -50 -17500.0 1
24900.0 -50 -17500.0 1
20600.0 -50 -17500.0 1
16300.0 -50 -17500.0 1
12000.0 -50 -17500.0 1
7700.0 -50 -17500.0 1
3400.0 -50 -17500.0 1
3400.0 -50 -17500.0 1
7700.0 -50 -17500.0 1
12000.0 -50 -17500.0 1
16300.0 -50 -17500.0 1
20600.0 -50 -17500.0 1
24900.0 -50 -17500.0 1
29200.0 -50 -17500.0 1
33500.0 -50 -17500.0 1
33500.0 -50 -17500.0 1
29200.0 -50 -17500.0 1
24900.0 -50 -17500.0 1
20600.0 -50 -17500.0 1
16300.0 -50 -17500.0 1
12000.0 -50 -17500.0 1
7700.0 -50 -17500.0 1
3400.0 -50 -17500.0 1
3400.0 -50 -17500.0 1
7700.0 -50 -17500.0 1
12000.0 -50 -17500.0 1
16300.0 -50 -17500.0 1
20600.0 -50 -17500.0 1
24900.0 -50 -17500.0 1
29200.0 -50 -17500.0 1
33500.0 -50 -17500.0 1
33500.0 -50 -17500.0 1
29200.0 -50 -17500.0 1
24900.0 -50 -17500.0 1
20600.0 -50 -17500.0 1
16300.0 -50 -17500.0 1
12000.0 -50 -17500.0 1
7700.0 -50 -17500.0 1
3400.0 -50 -17500.0 1
3400.0 -50 -17500.0 1
7700.0 -50 -17500.0 1
12000.0 -50 -17500.0 1
16300.0 -50 -17500.0 1
20600.0 -50 -17500.0 1
24900.0 -50 -17500.0 1
29200.0 -50 -17500.0 1
33500.0 -50 -17500.0 1
33500.0 -50 -17500.0 1
29200.0 -50 -17500.0 1
24900.0 -50 -17500.0 1
20600.0 -50 -17500.0 1
16300.0 -50 -17500.0 1
12000.0 -50 -17500.0 1
7700.0 -50 -17500.0 1
3400.0 -50 -17500.0 1
3400.0 -50 -17500.0 1
7700.0 -50 -17500.0 1
12000.0 -50 -17500.0 1
16300.0 -50 -17500.0 1
20600.0 -50 -17500.0 1
24900.0 -50 -17500.0 1
29200.0 -50 -17500.0 1
33500.0 -50 -17500.0 1
33500.0 -50 -17500.0 1
29200.0 -50 -17500.0 1
24900.0 -50 -17500.0 1
20600.0 -50 -17500.0 1
16300.0 -50 -17500.0 1
12000.0 -50 -17500.0 1
7700.0 -50 -17500.0 1
3400.0 -50 -17500.0 1
3400.0 3950 -17500.0 1
7700.0 3950 -17500.0 1
12000.0 3950 -17500.0 1
16300.0 3950 -17500.0 1
20600.0 3950 -17500.0 1
24900.0 3950 -17500.0 1
29200.0 3950 -17500.0 1
33500.0 3950 -17500.0 1
33500.0 3950 -17500.0 1
29200.0 3950 -17500.0 1
24900.0 3950 -17500.0 1
20600.0 3950 -17500.0 1
16300.0 3950 -17500.0 1
12000.0 3950 -17500.0 1
7700.0 3950 -17500.0 1
3400.0 3950 -17500.0 1
3400.0 3950 -17500.0 1
7700.0 3950 -17500.0 1
12000.0 3950 -17500.0 1
16300.0 3950 -17500.0 1
20600.0 3950 -17500.0 1
24900.0 3950 -17500.0 1
29200.0 3950 -17500.0 1
33500.0 3950 -17500.0 1
33500.0 3950 -17500.0 1
29200.0 3950 -17500.0 1
24900.0 3950 -17500.0 1
20600.0 3950 -17500.0 1
16300.0 3950 -17500.0 1
12000.0 3950 -17500.0 1
7700.0 3950 -17500.0 1
3400.0 3950 -17500.0 1
3400.0 3950 -17500.0 1
7700.0 3950 -17500.0 1
12000.0 3950 -17500.0 1
16300.0 3950 -17500.0 1
20600.0 3950 -17500.0 1
24900.0 3950 -17500.0 1
29200.0 3950 -17500.0 1
33500.0 3950 -17500.0 1
33500.0 3950 -17500.0 1
29200.0 3950 -17500.0 1
24900.0 3950 -17500.0 1
20600.0 3950 -17500.0 1
16300.0 3950 -17500.0 1
12000.0 3950 -17500.0 1
7700.0 3950 -17500.0 1
3400.0 3950 -17500.0 1
3400.0 3950 -17500.0 1
7700.0 3950 -17500.0 1
12000.0 3950 -17500.0 1
16300.0 3950 -17500.0 1
20600.0 3950 -17500.0 1
24900.0 3950 -17500.0 1
29200.0 3950 -17500.0 1
33500.0 3950 -17500.0 1
33500.0 3950 -17500.0 1
29200.0 3950 -17500.0 1
24900.0 3950 -17500.0 1
20600.0 3950 -17500.0 1
16300.0 3950 -17500.0 1
12000.0 3950 -17500.0 1
7700.0 3950 -17500.0 1
3400.0 3950 -17500.0 1
3400.0 3950 -17500.0 1
7700.0 3950 -17500.0 1
12000.0 3950 -17500.0 1
16300.0 3950 -17500.0 1
20600.0 3950 -17500.0 1
24900.0 3950 -17500.0 1
29200.0 3950 -17500.0 1
33500.0 3950 -17500.0 1
33500.0 3950 -17500.0 1
29200.0 3950 -17500.0 1
24900.0 3950 -17500.0 1
20600.0 3950 -17500.0 1
16300.0 3950 -17500.0 1
12000.0 3950 -17500.0 1
7700.0 3950 -17500.0 1
3400.0 3950 -17500.0 1
3400.0 3950 -17500.0 1
7700.0 3950 -17500.0 1
12000.0 3950 -17500.0 1
16300.0 3950 -17500.0 1
20600.0 3950 -17500.0 1
24900.0 3950 -17500.0 1
29200.0 3950 -17500.0 1
33500.0 3950 -17500.0 1
33500.0 3950 -17500.0 1
29200.0 3950 -17500.0 1
24900.0 3950 -17500.0 1
20600.0 3950 -17500.0 1
16300.0 3950 -17500.0 1
12000.0 3950 -17500.0 1
7700.0 3950 -17500.0 1
3400.0 3950 -17500.0 1
3400.0 3950 -17500.0 1
7700.0 3950 -17500.0 1
12000.0 3950 -17500.0 1
16300.0 3950 -17500.0 1
20600.0 3950 -17500.0 1
24900.0 3950 -17500.0 1
29200.0 3950 -17500.0 1
33500.0 3950 -17500.0 1
33500.0 3950 -17500.0 1
29200.0 3950 -17500.0 1
24900.0 3950 -17500.0 1
20600.0 3950 -17500.0 1
16300.0 3950 -17500.0 1
12000.0 3950 -17500.0 1
7700.0 3950 -17500.0 1
3400.0 3950 -17500.0 1
3400.0 3950 -17500.0 1
7700.0 3950 -17500.0 1
12000.0 3950 -17500.0 1
16300.0 3950 -17500.0 1
20600.0 3950 -17500.0 1
24900.0 3950 -17500.0 1
29200.0 3950 -17500.0 1
33500.0 3950 -17500.0 1
33500.0 3950 -17500.0 1
29200.0 3950 -17500.0 1
24900.0 3950 -17500.0 1
20600.0 3950 -17500.0 1
16300.0 3950 -17500.0 1
12000.0 3950 -17500.0 1
7700.0 3950 -17500.0 1
3400.0 3950 -17500.0 1
3400.0 7950 -17500.0 1
7700.0 7950 -17500.0 1
12000.0 7950 -17500.0 1
16300.0 7950 -17500.0 1
20600.0 7950 -17500.0 1
24900.0 7950 -17500.0 1
29200.0 7950 -17500.0 1
33500.0 7950 -17500.0 1
33500.0 7950 -17500.0 1
29200.0 7950 -17500.0 1
24900.0 7950 -17500.0 1
20600.0 7950 -17500.0 1
16300.0 7950 -17500.0 1
12000.0 7950 -17500.0 1
7700.0 7950 -17500.0 1
3400.0 7950 -17500.0 1
3400.0 7950 -17500.0 1
7700.0 7950 -17500.0 1
12000.0 7950 -17500.0 1
16300.0 7950 -17500.0 1
20600.0 7950 -17500.0 1
24900.0 7950 -17500.0 1
29200.0 7950 -17500.0 1
33500.0 7950 -17500.0 1
33500.0 7950 -17500.0 1
29200.0 7950 -17500.0 1
24900.0 7950 -17500.0 1
20600.0 7950 -17500.0 1
16300.0 7950 -17500.0 1
12000.0 7950 -17500.0 1
7700.0 7950 -17500.0 1
3400.0 7950 -17500.0 1
3400.0 7950 -17500.0 1
7700.0 7950 -17500.0 1
12000.0 7950 -17500.0 1
16300.0 7950 -17500.0 1
20600.0 7950 -17500.0 1
24900.0 7950 -17500.0 1
29200.0 7950 -17500.0 1
33500.0 7950 -17500.0 1
33500.0 7950 -17500.0 1
29200.0 7950 -17500.0 1
24900.0 7950 -17500.0 1
20600.0 7950 -17500.0 1
16300.0 7950 -17500.0 1
12000.0 7950 -17500.0 1
7700.0 7950 -17500.0 1
3400.0 7950 -17500.0 1
3400.0 7950 -17500.0 1
7700.0 7950 -17500.0 1
12000.0 7950 -17500.0 1
16300.0 7950 -17500.0 1
20600.0 7950 -17500.0 1
24900.0 7950 -17500.0 1
29200.0 7950 -17500.0 1
33500.0 7950 -17500.0 1
33500.0 7950 -17500.0 1
29200.0 7950 -17500.0 1
24900.0 7950 -17500.0 1
20600.0 7950 -17500.0 1
16300.0 7950 -17500.0 1
12000.0 7950 -17500.0 1
7700.0 7950 -17500.0 1
3400.0 7950 -17500.0 1
3400.0 7950 -17500.0 1
7700.0 7950 -17500.0 1
12000.0 7950 -17500.0 1
16300.0 7950 -17500.0 1
20600.0 7950 -17500.0 1
24900.0 7950 -17500.0 1
29200.0 7950 -17500.0 1
33500.0 7950 -17500.0 1
33500.0 7950 -17500.0 1
29200.0 7950 -17500.0 1
24900.0 7950 -17500.0 1
20600.0 7950 -17500.0 1
16300.0 7950 -17500.0 1
12000.0 7950 -17500.0 1
7700.0 7950 -17500.0 1
3400.0 7950 -17500.0 1
3400.0 7950 -17500.0 1
7700.0 7950 -17500.0 1
12000.0 7950 -17500.0 1
16300.0 7950 -17500.0 1
20600.0 7950 -17500.0 1
24900.0 7950 -17500.0 1
29200.0 7950 -17500.0 1
33500.0 7950 -17500.0 1
33500.0 7950 -17500.0 1
29200.0 7950 -17500.0 1
24900.0 7950 -17500.0 1
20600.0 7950 -17500.0 1
16300.0 7950 -17500.0 1
12000.0 7950 -17500.0 1
7700.0 7950 -17500.0 1
3400.0 7950 -17500.0 1
3400.0 7950 -17500.0 1
7700.0 7950 -17500.0 1
12000.0 7950 -17500.0 1
16300.0 7950 -17500.0 1
20600.0 7950 -17500.0 1
24900.0 7950 -17500.0 1
29200.0 7950 -17500.0 1
33500.0 7950 -17500.0 1
33500.0 7950 -17500.0 1
29200.0 7950 -17500.0 1
24900.0 7950 -17500.0 1
20600.0 7950 -17500.0 1
16300.0 7950 -17500.0 1
12000.0 7950 -17500.0 1
7700.0 7950 -17500.0 1
3400.0 7950 -17500.0 1
3400.0 7950 -17500.0 1
7700.0 7950 -17500.0 1
12000.0 7950 -17500.0 1
16300.0 7950 -17500.0 1
20600.0 7950 -17500.0 1
24900.0 7950 -17500.0 1
29200.0 7950 -17500.0 1
33500.0 7950 -17500.0 1
33500.0 7950 -17500.0 1
29200.0 7950 -17500.0 1
24900.0 7950 -17500.0 1
20600.0 7950 -17500.0 1
16300.0 7950 -17500.0 1
12000.0 7950 -17500.0 1
7700.0 7950 -17500.0 1
3400.0 7950 -17500.0 1
3400.0 11950 -17500.0 1
7700.0 11950 -17500.0 1
12000.0 11950 -17500.0 1
16300.0 11950 -17500.0 1
20600.0 11950 -17500.0 1
24900.0 11950 -17500.0 1
29200.0 11950 -17500.0 1
33500.0 11950 -17500.0 1
33500.0 11950 -17500.0 1
29200.0 11950 -17500.0 1
24900.0 11950 -17500.0 1
20600.0 11950 -17500.0 1
16300.0 11950 -17500.0 1
12000.0 11950 -17500.0 1
7700.0 11950 -17500.0 1
3400.0 11950 -17500.0 1
3400.0 11950 -17500.0 1
7700.0 11950 -17500.0 1
12000.0 11950 -17500.0 1
16300.0 11950 -17500.0 1
20600.0 11950 -17500.0 1
24900.0 11950 -17500.0 1
29200.0 11950 -17500.0 1
33500.0 11950 -17500.0 1
33500.0 11950 -17500.0 1
29200.0 11950 -17500.0 1
24900.0 11950 -17500.0 1
20600.0 11950 -17500.0 1
16300.0 11950 -17500.0 1
12000.0 11950 -17500.0 1
7700.0 11950 -17500.0 1
3400.0 11950 -17500.0 1
3400.0 11950 -17500.0 1
7700.0 11950 -17500.0 1
12000.0 11950 -17500.0 1
16300.0 11950 -17500.0 1
20600.0 11950 -17500.0 1
24900.0 11950 -17500.0 1
29200.0 11950 -17500.0 1
33500.0 11950 -17500.0 1
33500.0 11950 -17500.0 1
29200.0 11950 -17500.0 1
24900.0 11950 -17500.0 1
20600.0 11950 -17500.0 1
16300.0 11950 -17500.0 1
12000.0 11950 -17500.0 1
7700.0 11950 -17500.0 1
3400.0 11950 -17500.0 1
3400.0 11950 -17500.0 1
7700.0 11950 -17500.0 1
12000.0 11950 -17500.0 1
16300.0 11950 -17500.0 1
20600.0 11950 -17500.0 1
24900.0 11950 -17500.0 1
29200.0 11950 -17500.0 1
33500.0 11950 -17500.0 1
33500.0 11950 -17500.0 1
29200.0 11950 -17500.0 1
24900.0 11950 -17500.0 1
20600.0 11950 -17500.0 1
16300.0 11950 -17500.0 1
12000.0 11950 -17500.0 1
7700.0 11950 -17500.0 1
3400.0 11950 -17500.0 1
3400.0 11950 -17500.0 1
7700.0 11950 -17500.0 1
12000.0 11950 -17500.0 1
16300.0 11950 -17500.0 1
20600.0 11950 -17500.0 1
24900.0 11950 -17500.0 1
29200.0 11950 -17500.0 1
33500.0 11950 -17500.0 1
33500.0 11950 -17500.0 1
29200.0 11950 -17500.0 1
24900.0 11950 -17500.0 1
20600.0 11950 -17500.0 1
16300.0 11950 -17500.0 1
12000.0 11950 -17500.0 1
7700.0 11950 -17500.0 1
3400.0 11950 -17500.0 1
3400.0 11950 -17500.0 1
7700.0 11950 -17500.0 1
12000.0 11950 -17500.0 1
16300.0 11950 -17500.0 1
20600.0 11950 -17500.0 1
24900.0 11950 -17500.0 1
29200.0 11950 -17500.0 1
33500.0 11950 -17500.0 1
33500.0 11950 -17500.0 1
29200.0 11950 -17500.0 1
24900.0 11950 -17500.0 1
20600.0 11950 -17500.0 1
16300.0 11950 -17500.0 1
12000.0 11950 -17500.0 1
7700.0 11950 -17500.0 1
3400.0 11950 -17500.0 1
3400.0 11950 -17500.0 1
7700.0 11950 -17500.0 1
12000.0 11950 -17500.0 1
16300.0 11950 -17500.0 1
20600.0 11950 -17500.0 1
24900.0 11950 -17500.0 1
29200.0 11950 -17500.0 1
33500.0 11950 -17500.0 1
33500.0 11950 -17500.0 1
29200.0 11950 -17500.0 1
24900.0 11950 -17500.0 1
20600.0 11950 -17500.0 1
16300.0 11950 -17500.0 1
12000.0 11950 -17500.0 1
7700.0 11950 -17500.0 1
3400.0 11950 -17500.0 1
3400.0 11950 -17500.0 1
7700.0 11950 -17500.0 1
12000.0 11950 -17500.0 1
16300.0 11950 -17500.0 1
20600.0 11950 -17500.0 1
24900.0 11950 -17500.0 1
29200.0 11950 -17500.0 1
33500.0 11950 -17500.0 1
33500.0 11950 -17500.0 1
29200.0 11950 -17500.0 1
24900.0 11950 -17500.0 1
20600.0 11950 -17500.0 1
16300.0 11950 -17500.0 1
12000.0 11950 -17500.0 1
7700.0 11950 -17500.0 1
3400.0 11950 -17500.0 1
3400.0 3950 -34500.0 0