0 -1250 -20000.0 1
0 -1250 -20000.0 0
0 -1250 -15500.0 1
0 -1250 -15500.0 0
0 -1250 -11000.0 1
0 -1250 -11000.0 0
0 -1250 -6500.0 1
0 -1250 -6500.0 0
0 -1250 -2000.0 1
0 -1250 -2000.0 0
0 -1250 2500.0 1
0 -1250 2500.0 0
0 -1250 7000.0 1
0 -1250 7000.0 0
0 -1250 11500.0 1
0 -1250 11500.0 0
0 -1250 16000.0 1
0 -1250 16000.0 0
0 -1250 20500.0 1
0 -1250 20500.0 0
0 -1250 25000.0 1
0 -1250 25000.0 0
0 -1250 25000.0 1
0 -1250 25000.0 0
0 -1250 20500.0 1
0 -1250 20500.0 0
0 -1250 16000.0 1
0 -1250 16000.0 0
0 -1250 11500.0 1
0 -1250 11500.0 0
0 -1250 7000.0 1
0 -1250 7000.0 0
0 -1250 2500.0 1
0 -1250 2500.0 0
0 -1250 -2000.0 1
0 -1250 -2000.0 0
0 -1250 -6500.0 1
0 -1250 -6500.0 0
0 -1250 -11000.0 1
0 -1250 -11000.0 0
0 -1250 -15500.0 1
0 -1250 -15500.0 0
0 -1250 -20000.0 1
0 -1250 -20000.0 0
0 -1250 -20000.0 1
0 -1250 -20000.0 0
0 -1250 -15500.0 1
0 -1250 -15500.0 0
0 -1250 -11000.0 1
0 -1250 -11000.0 0
0 -1250 -6500.0 1
0 -1250 -6500.0 0
0 -1250 -2000.0 1
0 -1250 -2000.0 0
0 -1250 2500.0 1
0 -1250 2500.0 0
0 -1250 7000.0 1
0 -1250 7000.0 0
0 -1250 11500.0 1
0 -1250 11500.0 0
0 -1250 16000.0 1
0 -1250 16000.0 0
0 -1250 20500.0 1
0 -1250 20500.0 0
0 -1250 25000.0 1
0 -1250 25000.0 0
0 -1250 25000.0 1
0 -1250 25000.0 0
0 -1250 20500.0 1
0 -1250 20500.0 0
0 -1250 16000.0 1
0 -1250 16000.0 0
0 -1250 11500.0 1
0 -1250 11500.0 0
0 -1250 7000.0 1
0 -1250 7000.0 0
0 -1250 2500.0 1
0 -1250 2500.0 0
0 -1250 -2000.0 1
0 -1250 -2000.0 0
0 -1250 -6500.0 1
0 -1250 -6500.0 0
0 -1250 -11000.0 1
0 -1250 -11000.0 0
0 -1250 -15500.0 1
0 -1250 -15500.0 0
0 -1250 -20000.0 1
0 -1250 -20000.0 0
0 -1250 -20000.0 1
0 -1250 -20000.0 0
0 -1250 -15500.0 1
0 -1250 -15500.0 0
0 -1250 -11000.0 1
0 -1250 -11000.0 0
0 -1250 -6500.0 1
0 -1250 -6500.0 0
0 -1250 -2000.0 1
0 -1250 -2000.0 0
0 -1250 2500.0 1
0 -1250 2500.0 0
0 -1250 7000.0 1
0 -1250 7000.0 0
0 -1250 11500.0 1
0 -1250 11500.0 0
0 -1250 16000.0 1
0 -1250 16000.0 0
0 -1250 20500.0 1
0 -1250 20500.0 0
0 -1250 25000.0 1
0 -1250 25000.0 0
0.0 -1250 -17800 1
0.0 -1250 -17800 0
4000.0 -1250 -17800 1
4000.0 -1250 -17800 0
8000.0 -1250 -17800 1
8000.0 -1250 -17800 0
12000.0 -1250 -17800 1
12000.0 -1250 -17800 0
16000.0 -1250 -17800 1
16000.0 -1250 -17800 0
20000.0 -1250 -17800 1
20000.0 -1250 -17800 0
24000.0 -1250 -17800 1
24000.0 -1250 -17800 0
28000.0 -1250 -17800 1
28000.0 -1250 -17800 0
28000.0 -1250 -17800 1
28000.0 -1250 -17800 0
24000.0 -1250 -17800 1
24000.0 -1250 -17800 0
20000.0 -1250 -17800 1
20000.0 -1250 -17800 0
16000.0 -1250 -17800 1
16000.0 -1250 -17800 0
12000.0 -1250 -17800 1
12000.0 -1250 -17800 0
8000.0 -1250 -17800 1
8000.0 -1250 -17800 0
4000.0 -1250 -17800 1
4000.0 -1250 -17800 0
0.0 -1250 -17800 1
0.0 -1250 -17800 0
0.0 -1250 -17800 1
0.0 -1250 -17800 0
4000.0 -1250 -17800 1
4000.0 -1250 -17800 0
8000.0 -1250 -17800 1
8000.0 -1250 -17800 0
12000.0 -1250 -17800 1
12000.0 -1250 -17800 0
16000.0 -1250 -17800 1
16000.0 -1250 -17800 0
20000.0 -1250 -17800 1
20000.0 -1250 -17800 0
24000.0 -1250 -17800 1
24000.0 -1250 -17800 0
28000.0 -1250 -17800 1
28000.0 -1250 -17800 0
28000.0 -1250 -17800 1
28000.0 -1250 -17800 0
24000.0 -1250 -17800 1
24000.0 -1250 -17800 0
20000.0 -1250 -17800 1
20000.0 -1250 -17800 0
16000.0 -1250 -17800 1
16000.0 -1250 -17800 0
12000.0 -1250 -17800 1
12000.0 -1250 -17800 0
8000.0 -1250 -17800 1
8000.0 -1250 -17800 0
4000.0 -1250 -17800 1
4000.0 -1250 -17800 0
0.0 -1250 -17800 1
0.0 -1250 -17800 0
0.0 -1250 -17800 1
0.0 -1250 -17800 0
4000.0 -1250 -17800 1
4000.0 -1250 -17800 0
8000.0 -1250 -17800 1
8000.0 -1250 -17800 0
12000.0 -1250 -17800 1
12000.0 -1250 -17800 0
16000.0 -1250 -17800 1
16000.0 -1250 -17800 0
20000.0 -1250 -17800 1
20000.0 -1250 -17800 0
24000.0 -1250 -17800 1
24000.0 -1250 -17800 0
28000.0 -1250 -17800 1
28000.0 -1250 -17800 0
0.0 2750 -17800 1
0.0 2750 -17800 0
4000.0 2750 -17800 1
4000.0 2750 -17800 0
8000.0 2750 -17800 1
8000.0 2750 -17800 0
12000.0 2750 -17800 1
12000.0 2750 -17800 0
16000.0 2750 -17800 1
16000.0 2750 -17800 0
20000.0 2750 -17800 1
20000.0 2750 -17800 0
24000.0 2750 -17800 1
24000.0 2750 -17800 0
28000.0 2750 -17800 1
28000.0 2750 -17800 0
28000.0 2750 -17800 1
28000.0 2750 -17800 0
24000.0 2750 -17800 1
24000.0 2750 -17800 0
20000.0 2750 -17800 1
20000.0 2750 -17800 0
16000.0 2750 -17800 1
16000.0 2750 -17800 0
12000.0 2750 -17800 1
12000.0 2750 -17800 0
8000.0 2750 -17800 1
8000.0 2750 -17800 0
4000.0 2750 -17800 1
4000.0 2750 -17800 0
0.0 2750 -17800 1
0.0 2750 -17800 0
0.0 2750 -17800 1
0.0 2750 -17800 0
4000.0 2750 -17800 1
4000.0 2750 -17800 0
8000.0 2750 -17800 1
8000.0 2750 -17800 0
12000.0 2750 -17800 1
12000.0 2750 -17800 0
16000.0 2750 -17800 1
16000.0 2750 -17800 0
20000.0 2750 -17800 1
20000.0 2750 -17800 0
24000.0 2750 -17800 1
24000.0 2750 -17800 0
28000.0 2750 -17800 1
28000.0 2750 -17800 0
28000.0 2750 -17800 1
28000.0 2750 -17800 0
24000.0 2750 -17800 1
24000.0 2750 -17800 0
20000.0 2750 -17800 1
20000.0 2750 -17800 0
16000.0 2750 -17800 1
16000.0 2750 -17800 0
12000.0 2750 -17800 1
12000.0 2750 -17800 0
8000.0 2750 -17800 1
8000.0 2750 -17800 0
4000.0 2750 -17800 1
4000.0 2750 -17800 0
0.0 2750 -17800 1
0.0 2750 -17800 0
0.0 2750 -17800 1
0.0 2750 -17800 0
4000.0 2750 -17800 1
4000.0 2750 -17800 0
8000.0 2750 -17800 1
8000.0 2750 -17800 0
12000.0 2750 -17800 1
12000.0 2750 -17800 0
16000.0 2750 -17800 1
16000.0 2750 -17800 0
20000.0 2750 -17800 1
20000.0 2750 -17800 0
24000.0 2750 -17800 1
24000.0 2750 -17800 0
28000.0 2750 -17800 1
28000.0 2750 -17800 0
0.0 -9250 -17800 1
0.0 -9250 -17800 0
4000.0 -9250 -17800 1
4000.0 -9250 -17800 0
8000.0 -9250 -17800 1
8000.0 -9250 -17800 0
12000.0 -9250 -17800 1
12000.0 -9250 -17800 0
16000.0 -9250 -17800 1
16000.0 -9250 -17800 0
20000.0 -9250 -17800 1
20000.0 -9250 -17800 0
24000.0 -9250 -17800 1
24000.0 -9250 -17800 0
28000.0 -9250 -17800 1
28000.0 -9250 -17800 0
28000.0 -9250 -17800 1
28000.0 -9250 -17800 0
24000.0 -9250 -17800 1
24000.0 -9250 -17800 0
20000.0 -9250 -17800 1
20000.0 -9250 -17800 0
16000.0 -9250 -17800 1
16000.0 -9250 -17800 0
12000.0 -9250 -17800 1
12000.0 -9250 -17800 0
8000.0 -9250 -17800 1
8000.0 -9250 -17800 0
4000.0 -9250 -17800 1
4000.0 -9250 -17800 0
0.0 -9250 -17800 1
0.0 -9250 -17800 0
0.0 -9250 -17800 1
0.0 -9250 -17800 0
4000.0 -9250 -17800 1
4000.0 -9250 -17800 0
8000.0 -9250 -17800 1
8000.0 -9250 -17800 0
12000.0 -9250 -17800 1
12000.0 -9250 -17800 0
16000.0 -9250 -17800 1
16000.0 -9250 -17800 0
20000.0 -9250 -17800 1
20000.0 -9250 -17800 0
24000.0 -9250 -17800 1
24000.0 -9250 -17800 0
28000.0 -9250 -17800 1
28000.0 -9250 -17800 0
28000.0 -9250 -17800 1
28000.0 -9250 -17800 0
24000.0 -9250 -17800 1
24000.0 -9250 -17800 0
20000.0 -9250 -17800 1
20000.0 -9250 -17800 0
16000.0 -9250 -17800 1
16000.0 -9250 -17800 0
12000.0 -9250 -17800 1
12000.0 -9250 -17800 0
8000.0 -9250 -17800 1
8000.0 -9250 -17800 0
4000.0 -9250 -17800 1
4000.0 -9250 -17800 0
0.0 -9250 -17800 1
0.0 -9250 -17800 0
0.0 -9250 -17800 1
0.0 -9250 -17800 0
4000.0 -9250 -17800 1
4000.0 -9250 -17800 0
8000.0 -9250 -17800 1
8000.0 -9250 -17800 0
12000.0 -9250 -17800 1
12000.0 -9250 -17800 0
16000.0 -9250 -17800 1
16000.0 -9250 -17800 0
20000.0 -9250 -17800 1
20000.0 -9250 -17800 0
24000.0 -9250 -17800 1
24000.0 -9250 -17800 0
28000.0 -9250 -17800 1
28000.0 -9250 -17800 0
0.0 -5250 -17800 1
0.0 -5250 -17800 0
4000.0 -5250 -17800 1
4000.0 -5250 -17800 0
8000.0 -5250 -17800 1
8000.0 -5250 -17800 0
12000.0 -5250 -17800 1
12000.0 -5250 -17800 0
16000.0 -5250 -17800 1
16000.0 -5250 -17800 0
20000.0 -5250 -17800 1
20000.0 -5250 -17800 0
24000.0 -5250 -17800 1
24000.0 -5250 -17800 0
28000.0 -5250 -17800 1
28000.0 -5250 -17800 0
28000.0 -5250 -17800 1
28000.0 -5250 -17800 0
24000.0 -5250 -17800 1
24000.0 -5250 -17800 0
20000.0 -5250 -17800 1
20000.0 -5250 -17800 0
16000.0 -5250 -17800 1
16000.0 -5250 -17800 0
12000.0 -5250 -17800 1
12000.0 -5250 -17800 0
8000.0 -5250 -17800 1
8000.0 -5250 -17800 0
4000.0 -5250 -17800 1
4000.0 -5250 -17800 0
0.0 -5250 -17800 1
0.0 -5250 -17800 0
0.0 -5250 -17800 1
0.0 -5250 -17800 0
4000.0 -5250 -17800 1
4000.0 -5250 -17800 0
8000.0 -5250 -17800 1
8000.0 -5250 -17800 0
12000.0 -5250 -17800 1
12000.0 -5250 -17800 0
16000.0 -5250 -17800 1
16000.0 -5250 -17800 0
20000.0 -5250 -17800 1
20000.0 -5250 -17800 0
24000.0 -5250 -17800 1
24000.0 -5250 -17800 0
28000.0 -5250 -17800 1
28000.0 -5250 -17800 0
28000.0 -5250 -17800 1
28000.0 -5250 -17800 0
24000.0 -5250 -17800 1
24000.0 -5250 -17800 0
20000.0 -5250 -17800 1
20000.0 -5250 -17800 0
16000.0 -5250 -17800 1
16000.0 -5250 -17800 0
12000.0 -5250 -17800 1
12000.0 -5250 -17800 0
8000.0 -5250 -17800 1
8000.0 -5250 -17800 0
4000.0 -5250 -17800 1
4000.0 -5250 -17800 0
0.0 -5250 -17800 1
0.0 -5250 -17800 0
0.0 -5250 -17800 1
0.0 -5250 -17800 0
4000.0 -5250 -17800 1
4000.0 -5250 -17800 0
8000.0 -5250 -17800 1
8000.0 -5250 -17800 0
12000.0 -5250 -17800 1
12000.0 -5250 -17800 0
16000.0 -5250 -17800 1
16000.0 -5250 -17800 0
20000.0 -5250 -17800 1
20000.0 -5250 -17800 0
24000.0 -5250 -17800 1
24000.0 -5250 -17800 0
28000.0 -5250 -17800 1
28000.0 -5250 -17800 0