2400 4010 -52032 1
2400 4010 -52032 0
2900 4010 -52032 1
2900 4010 -52032 0
3400 4010 -52032 1
3400 4010 -52032 0
3900 4010 -52032 1
3900 4010 -52032 0
4400 4010 -52032 1
4400 4010 -52032 0
4900 4010 -52032 1
4900 4010 -52032 0
5400 4010 -52032 1
5400 4010 -52032 0
5900 4010 -52032 1
5900 4010 -52032 0
6400 4010 -52032 1
6400 4010 -52032 0
6900 4010 -52032 1
6900 4010 -52032 0
7400 4010 -52032 1
7400 4010 -52032 0
7900 4010 -52032 1
7900 4010 -52032 0
8400 4010 -52032 1
8400 4010 -52032 0
8900 4010 -52032 1
8900 4010 -52032 0
9400 4010 -52032 1
9400 4010 -52032 0
9900 4010 -52032 1
9900 4010 -52032 0
10400 4010 -52032 1
10400 4010 -52032 0
10900 4010 -52032 1
10900 4010 -52032 0
11400 4010 -52032 1
11400 4010 -52032 0
11900 4010 -52032 1
11900 4010 -52032 0
12400 4010 -52032 1
12400 4010 -52032 0
12900 4010 -52032 1
12900 4010 -52032 0
13400 4010 -52032 1
13400 4010 -52032 0
13900 4010 -52032 1
13900 4010 -52032 0
14400 4010 -52032 1
14400 4010 -52032 0
14900 4010 -52032 1
14900 4010 -52032 0
15400 4010 -52032 1
15400 4010 -52032 0
15900 4010 -52032 1
15900 4010 -52032 0
16400 4010 -52032 1
16400 4010 -52032 0
16900 4010 -52032 1
16900 4010 -52032 0
17400 4010 -52032 1
17400 4010 -52032 0
17900 4010 -52032 1
17900 4010 -52032 0
18400 4010 -52032 1
18400 4010 -52032 0
18900 4010 -52032 1
18900 4010 -52032 0
19400 4010 -52032 1
19400 4010 -52032 0
19900 4010 -52032 1
19900 4010 -52032 0
20400 4010 -52032 1
20400 4010 -52032 0
20900 4010 -52032 1
20900 4010 -52032 0
21400 4010 -52032 1
21400 4010 -52032 0
21900 4010 -52032 1
21900 4010 -52032 0