0 4040 -70000.0 1 0.002
0 4040 -70000.0 0 0.002
0 4040 -70000.0 1 0.005
0 4040 -70000.0 0 0.005
0 4040 -70000.0 1 0.01
0 4040 -70000.0 0 0.01
0 4040 -70000.0 1 0.015
0 4040 -70000.0 0 0.015
0 4040 -66500.0 1 0.002
0 4040 -66500.0 0 0.002
0 4040 -66500.0 1 0.005
0 4040 -66500.0 0 0.005
0 4040 -66500.0 1 0.01
0 4040 -66500.0 0 0.01
0 4040 -66500.0 1 0.015
0 4040 -66500.0 0 0.015
0 4040 -63000.0 1 0.002
0 4040 -63000.0 0 0.002
0 4040 -63000.0 1 0.005
0 4040 -63000.0 0 0.005
0 4040 -63000.0 1 0.01
0 4040 -63000.0 0 0.01
0 4040 -63000.0 1 0.015
0 4040 -63000.0 0 0.015
0 4040 -59500.0 1 0.002
0 4040 -59500.0 0 0.002
0 4040 -59500.0 1 0.005
0 4040 -59500.0 0 0.005
0 4040 -59500.0 1 0.01
0 4040 -59500.0 0 0.01
0 4040 -59500.0 1 0.015
0 4040 -59500.0 0 0.015
0 4040 -56000.0 1 0.002
0 4040 -56000.0 0 0.002
0 4040 -56000.0 1 0.005
0 4040 -56000.0 0 0.005
0 4040 -56000.0 1 0.01
0 4040 -56000.0 0 0.01
0 4040 -56000.0 1 0.015
0 4040 -56000.0 0 0.015
0 4040 -52500.0 1 0.002
0 4040 -52500.0 0 0.002
0 4040 -52500.0 1 0.005
0 4040 -52500.0 0 0.005
0 4040 -52500.0 1 0.01
0 4040 -52500.0 0 0.01
0 4040 -52500.0 1 0.015
0 4040 -52500.0 0 0.015
0 4040 -49000.0 1 0.002
0 4040 -49000.0 0 0.002
0 4040 -49000.0 1 0.005
0 4040 -49000.0 0 0.005
0 4040 -49000.0 1 0.01
0 4040 -49000.0 0 0.01
0 4040 -49000.0 1 0.015
0 4040 -49000.0 0 0.015
0 4040 -45500.0 1 0.002
0 4040 -45500.0 0 0.002
0 4040 -45500.0 1 0.005
0 4040 -45500.0 0 0.005
0 4040 -45500.0 1 0.01
0 4040 -45500.0 0 0.01
0 4040 -45500.0 1 0.015
0 4040 -45500.0 0 0.015
0 4040 -42000.0 1 0.002
0 4040 -42000.0 0 0.002
0 4040 -42000.0 1 0.005
0 4040 -42000.0 0 0.005
0 4040 -42000.0 1 0.01
0 4040 -42000.0 0 0.01
0 4040 -42000.0 1 0.015
0 4040 -42000.0 0 0.015
0 4040 -38500.0 1 0.002
0 4040 -38500.0 0 0.002
0 4040 -38500.0 1 0.005
0 4040 -38500.0 0 0.005
0 4040 -38500.0 1 0.01
0 4040 -38500.0 0 0.01
0 4040 -38500.0 1 0.015
0 4040 -38500.0 0 0.015
0 4040 -35000.0 1 0.002
0 4040 -35000.0 0 0.002
0 4040 -35000.0 1 0.005
0 4040 -35000.0 0 0.005
0 4040 -35000.0 1 0.01
0 4040 -35000.0 0 0.01
0 4040 -35000.0 1 0.015
0 4040 -35000.0 0 0.015
0 4040 -35000.0 1 0.002
0 4040 -35000.0 0 0.002
0 4040 -35000.0 1 0.005
0 4040 -35000.0 0 0.005
0 4040 -35000.0 1 0.01
0 4040 -35000.0 0 0.01
0 4040 -35000.0 1 0.015
0 4040 -35000.0 0 0.015
0 4040 -38500.0 1 0.002
0 4040 -38500.0 0 0.002
0 4040 -38500.0 1 0.005
0 4040 -38500.0 0 0.005
0 4040 -38500.0 1 0.01
0 4040 -38500.0 0 0.01
0 4040 -38500.0 1 0.015
0 4040 -38500.0 0 0.015
0 4040 -42000.0 1 0.002
0 4040 -42000.0 0 0.002
0 4040 -42000.0 1 0.005
0 4040 -42000.0 0 0.005
0 4040 -42000.0 1 0.01
0 4040 -42000.0 0 0.01
0 4040 -42000.0 1 0.015
0 4040 -42000.0 0 0.015
0 4040 -45500.0 1 0.002
0 4040 -45500.0 0 0.002
0 4040 -45500.0 1 0.005
0 4040 -45500.0 0 0.005
0 4040 -45500.0 1 0.01
0 4040 -45500.0 0 0.01
0 4040 -45500.0 1 0.015
0 4040 -45500.0 0 0.015
0 4040 -49000.0 1 0.002
0 4040 -49000.0 0 0.002
0 4040 -49000.0 1 0.005
0 4040 -49000.0 0 0.005
0 4040 -49000.0 1 0.01
0 4040 -49000.0 0 0.01
0 4040 -49000.0 1 0.015
0 4040 -49000.0 0 0.015
0 4040 -52500.0 1 0.002
0 4040 -52500.0 0 0.002
0 4040 -52500.0 1 0.005
0 4040 -52500.0 0 0.005
0 4040 -52500.0 1 0.01
0 4040 -52500.0 0 0.01
0 4040 -52500.0 1 0.015
0 4040 -52500.0 0 0.015
0 4040 -56000.0 1 0.002
0 4040 -56000.0 0 0.002
0 4040 -56000.0 1 0.005
0 4040 -56000.0 0 0.005
0 4040 -56000.0 1 0.01
0 4040 -56000.0 0 0.01
0 4040 -56000.0 1 0.015
0 4040 -56000.0 0 0.015
0 4040 -59500.0 1 0.002
0 4040 -59500.0 0 0.002
0 4040 -59500.0 1 0.005
0 4040 -59500.0 0 0.005
0 4040 -59500.0 1 0.01
0 4040 -59500.0 0 0.01
0 4040 -59500.0 1 0.015
0 4040 -59500.0 0 0.015
0 4040 -63000.0 1 0.002
0 4040 -63000.0 0 0.002
0 4040 -63000.0 1 0.005
0 4040 -63000.0 0 0.005
0 4040 -63000.0 1 0.01
0 4040 -63000.0 0 0.01
0 4040 -63000.0 1 0.015
0 4040 -63000.0 0 0.015
0 4040 -66500.0 1 0.002
0 4040 -66500.0 0 0.002
0 4040 -66500.0 1 0.005
0 4040 -66500.0 0 0.005
0 4040 -66500.0 1 0.01
0 4040 -66500.0 0 0.01
0 4040 -66500.0 1 0.015
0 4040 -66500.0 0 0.015
0 4040 -70000.0 1 0.002
0 4040 -70000.0 0 0.002
0 4040 -70000.0 1 0.005
0 4040 -70000.0 0 0.005
0 4040 -70000.0 1 0.01
0 4040 -70000.0 0 0.01
0 4040 -70000.0 1 0.015
0 4040 -70000.0 0 0.015
0 4040 -70000.0 1 0.002
0 4040 -70000.0 0 0.002
0 4040 -70000.0 1 0.005
0 4040 -70000.0 0 0.005
0 4040 -70000.0 1 0.01
0 4040 -70000.0 0 0.01
0 4040 -70000.0 1 0.015
0 4040 -70000.0 0 0.015
0 4040 -66500.0 1 0.002
0 4040 -66500.0 0 0.002
0 4040 -66500.0 1 0.005
0 4040 -66500.0 0 0.005
0 4040 -66500.0 1 0.01
0 4040 -66500.0 0 0.01
0 4040 -66500.0 1 0.015
0 4040 -66500.0 0 0.015
0 4040 -63000.0 1 0.002
0 4040 -63000.0 0 0.002
0 4040 -63000.0 1 0.005
0 4040 -63000.0 0 0.005
0 4040 -63000.0 1 0.01
0 4040 -63000.0 0 0.01
0 4040 -63000.0 1 0.015
0 4040 -63000.0 0 0.015
0 4040 -59500.0 1 0.002
0 4040 -59500.0 0 0.002
0 4040 -59500.0 1 0.005
0 4040 -59500.0 0 0.005
0 4040 -59500.0 1 0.01
0 4040 -59500.0 0 0.01
0 4040 -59500.0 1 0.015
0 4040 -59500.0 0 0.015
0 4040 -56000.0 1 0.002
0 4040 -56000.0 0 0.002
0 4040 -56000.0 1 0.005
0 4040 -56000.0 0 0.005
0 4040 -56000.0 1 0.01
0 4040 -56000.0 0 0.01
0 4040 -56000.0 1 0.015
0 4040 -56000.0 0 0.015
0 4040 -52500.0 1 0.002
0 4040 -52500.0 0 0.002
0 4040 -52500.0 1 0.005
0 4040 -52500.0 0 0.005
0 4040 -52500.0 1 0.01
0 4040 -52500.0 0 0.01
0 4040 -52500.0 1 0.015
0 4040 -52500.0 0 0.015
0 4040 -49000.0 1 0.002
0 4040 -49000.0 0 0.002
0 4040 -49000.0 1 0.005
0 4040 -49000.0 0 0.005
0 4040 -49000.0 1 0.01
0 4040 -49000.0 0 0.01
0 4040 -49000.0 1 0.015
0 4040 -49000.0 0 0.015
0 4040 -45500.0 1 0.002
0 4040 -45500.0 0 0.002
0 4040 -45500.0 1 0.005
0 4040 -45500.0 0 0.005
0 4040 -45500.0 1 0.01
0 4040 -45500.0 0 0.01
0 4040 -45500.0 1 0.015
0 4040 -45500.0 0 0.015
0 4040 -42000.0 1 0.002
0 4040 -42000.0 0 0.002
0 4040 -42000.0 1 0.005
0 4040 -42000.0 0 0.005
0 4040 -42000.0 1 0.01
0 4040 -42000.0 0 0.01
0 4040 -42000.0 1 0.015
0 4040 -42000.0 0 0.015
0 4040 -38500.0 1 0.002
0 4040 -38500.0 0 0.002
0 4040 -38500.0 1 0.005
0 4040 -38500.0 0 0.005
0 4040 -38500.0 1 0.01
0 4040 -38500.0 0 0.01
0 4040 -38500.0 1 0.015
0 4040 -38500.0 0 0.015
0 4040 -35000.0 1 0.002
0 4040 -35000.0 0 0.002
0 4040 -35000.0 1 0.005
0 4040 -35000.0 0 0.005
0 4040 -35000.0 1 0.01
0 4040 -35000.0 0 0.01
0 4040 -35000.0 1 0.015
0 4040 -35000.0 0 0.015
0.0 4040 -58654 1 0.002
0.0 4040 -58654 0 0.002
0.0 4040 -58654 1 0.005
0.0 4040 -58654 0 0.005
0.0 4040 -58654 1 0.01
0.0 4040 -58654 0 0.01
0.0 4040 -58654 1 0.015
0.0 4040 -58654 0 0.015
4000.0 4040 -58654 1 0.002
4000.0 4040 -58654 0 0.002
4000.0 4040 -58654 1 0.005
4000.0 4040 -58654 0 0.005
4000.0 4040 -58654 1 0.01
4000.0 4040 -58654 0 0.01
4000.0 4040 -58654 1 0.015
4000.0 4040 -58654 0 0.015
8000.0 4040 -58654 1 0.002
8000.0 4040 -58654 0 0.002
8000.0 4040 -58654 1 0.005
8000.0 4040 -58654 0 0.005
8000.0 4040 -58654 1 0.01
8000.0 4040 -58654 0 0.01
8000.0 4040 -58654 1 0.015
8000.0 4040 -58654 0 0.015
12000.0 4040 -58654 1 0.002
12000.0 4040 -58654 0 0.002
12000.0 4040 -58654 1 0.005
12000.0 4040 -58654 0 0.005
12000.0 4040 -58654 1 0.01
12000.0 4040 -58654 0 0.01
12000.0 4040 -58654 1 0.015
12000.0 4040 -58654 0 0.015
16000.0 4040 -58654 1 0.002
16000.0 4040 -58654 0 0.002
16000.0 4040 -58654 1 0.005
16000.0 4040 -58654 0 0.005
16000.0 4040 -58654 1 0.01
16000.0 4040 -58654 0 0.01
16000.0 4040 -58654 1 0.015
16000.0 4040 -58654 0 0.015
20000.0 4040 -58654 1 0.002
20000.0 4040 -58654 0 0.002
20000.0 4040 -58654 1 0.005
20000.0 4040 -58654 0 0.005
20000.0 4040 -58654 1 0.01
20000.0 4040 -58654 0 0.01
20000.0 4040 -58654 1 0.015
20000.0 4040 -58654 0 0.015
24000.0 4040 -58654 1 0.002
24000.0 4040 -58654 0 0.002
24000.0 4040 -58654 1 0.005
24000.0 4040 -58654 0 0.005
24000.0 4040 -58654 1 0.01
24000.0 4040 -58654 0 0.01
24000.0 4040 -58654 1 0.015
24000.0 4040 -58654 0 0.015
28000.0 4040 -58654 1 0.002
28000.0 4040 -58654 0 0.002
28000.0 4040 -58654 1 0.005
28000.0 4040 -58654 0 0.005
28000.0 4040 -58654 1 0.01
28000.0 4040 -58654 0 0.01
28000.0 4040 -58654 1 0.015
28000.0 4040 -58654 0 0.015
28000.0 4040 -58654 1 0.002
28000.0 4040 -58654 0 0.002
28000.0 4040 -58654 1 0.005
28000.0 4040 -58654 0 0.005
28000.0 4040 -58654 1 0.01
28000.0 4040 -58654 0 0.01
28000.0 4040 -58654 1 0.015
28000.0 4040 -58654 0 0.015
24000.0 4040 -58654 1 0.002
24000.0 4040 -58654 0 0.002
24000.0 4040 -58654 1 0.005
24000.0 4040 -58654 0 0.005
24000.0 4040 -58654 1 0.01
24000.0 4040 -58654 0 0.01
24000.0 4040 -58654 1 0.015
24000.0 4040 -58654 0 0.015
20000.0 4040 -58654 1 0.002
20000.0 4040 -58654 0 0.002
20000.0 4040 -58654 1 0.005
20000.0 4040 -58654 0 0.005
20000.0 4040 -58654 1 0.01
20000.0 4040 -58654 0 0.01
20000.0 4040 -58654 1 0.015
20000.0 4040 -58654 0 0.015
16000.0 4040 -58654 1 0.002
16000.0 4040 -58654 0 0.002
16000.0 4040 -58654 1 0.005
16000.0 4040 -58654 0 0.005
16000.0 4040 -58654 1 0.01
16000.0 4040 -58654 0 0.01
16000.0 4040 -58654 1 0.015
16000.0 4040 -58654 0 0.015
12000.0 4040 -58654 1 0.002
12000.0 4040 -58654 0 0.002
12000.0 4040 -58654 1 0.005
12000.0 4040 -58654 0 0.005
12000.0 4040 -58654 1 0.01
12000.0 4040 -58654 0 0.01
12000.0 4040 -58654 1 0.015
12000.0 4040 -58654 0 0.015
8000.0 4040 -58654 1 0.002
8000.0 4040 -58654 0 0.002
8000.0 4040 -58654 1 0.005
8000.0 4040 -58654 0 0.005
8000.0 4040 -58654 1 0.01
8000.0 4040 -58654 0 0.01
8000.0 4040 -58654 1 0.015
8000.0 4040 -58654 0 0.015
4000.0 4040 -58654 1 0.002
4000.0 4040 -58654 0 0.002
4000.0 4040 -58654 1 0.005
4000.0 4040 -58654 0 0.005
4000.0 4040 -58654 1 0.01
4000.0 4040 -58654 0 0.01
4000.0 4040 -58654 1 0.015
4000.0 4040 -58654 0 0.015
0.0 4040 -58654 1 0.002
0.0 4040 -58654 0 0.002
0.0 4040 -58654 1 0.005
0.0 4040 -58654 0 0.005
0.0 4040 -58654 1 0.01
0.0 4040 -58654 0 0.01
0.0 4040 -58654 1 0.015
0.0 4040 -58654 0 0.015
0.0 4040 -58654 1 0.002
0.0 4040 -58654 0 0.002
0.0 4040 -58654 1 0.005
0.0 4040 -58654 0 0.005
0.0 4040 -58654 1 0.01
0.0 4040 -58654 0 0.01
0.0 4040 -58654 1 0.015
0.0 4040 -58654 0 0.015
4000.0 4040 -58654 1 0.002
4000.0 4040 -58654 0 0.002
4000.0 4040 -58654 1 0.005
4000.0 4040 -58654 0 0.005
4000.0 4040 -58654 1 0.01
4000.0 4040 -58654 0 0.01
4000.0 4040 -58654 1 0.015
4000.0 4040 -58654 0 0.015
8000.0 4040 -58654 1 0.002
8000.0 4040 -58654 0 0.002
8000.0 4040 -58654 1 0.005
8000.0 4040 -58654 0 0.005
8000.0 4040 -58654 1 0.01
8000.0 4040 -58654 0 0.01
8000.0 4040 -58654 1 0.015
8000.0 4040 -58654 0 0.015
12000.0 4040 -58654 1 0.002
12000.0 4040 -58654 0 0.002
12000.0 4040 -58654 1 0.005
12000.0 4040 -58654 0 0.005
12000.0 4040 -58654 1 0.01
12000.0 4040 -58654 0 0.01
12000.0 4040 -58654 1 0.015
12000.0 4040 -58654 0 0.015
16000.0 4040 -58654 1 0.002
16000.0 4040 -58654 0 0.002
16000.0 4040 -58654 1 0.005
16000.0 4040 -58654 0 0.005
16000.0 4040 -58654 1 0.01
16000.0 4040 -58654 0 0.01
16000.0 4040 -58654 1 0.015
16000.0 4040 -58654 0 0.015
20000.0 4040 -58654 1 0.002
20000.0 4040 -58654 0 0.002
20000.0 4040 -58654 1 0.005
20000.0 4040 -58654 0 0.005
20000.0 4040 -58654 1 0.01
20000.0 4040 -58654 0 0.01
20000.0 4040 -58654 1 0.015
20000.0 4040 -58654 0 0.015
24000.0 4040 -58654 1 0.002
24000.0 4040 -58654 0 0.002
24000.0 4040 -58654 1 0.005
24000.0 4040 -58654 0 0.005
24000.0 4040 -58654 1 0.01
24000.0 4040 -58654 0 0.01
24000.0 4040 -58654 1 0.015
24000.0 4040 -58654 0 0.015
28000.0 4040 -58654 1 0.002
28000.0 4040 -58654 0 0.002
28000.0 4040 -58654 1 0.005
28000.0 4040 -58654 0 0.005
28000.0 4040 -58654 1 0.01
28000.0 4040 -58654 0 0.01
28000.0 4040 -58654 1 0.015
28000.0 4040 -58654 0 0.015
0.0 8040 -58654 1 0.002
0.0 8040 -58654 0 0.002
0.0 8040 -58654 1 0.005
0.0 8040 -58654 0 0.005
0.0 8040 -58654 1 0.01
0.0 8040 -58654 0 0.01
0.0 8040 -58654 1 0.015
0.0 8040 -58654 0 0.015
4000.0 8040 -58654 1 0.002
4000.0 8040 -58654 0 0.002
4000.0 8040 -58654 1 0.005
4000.0 8040 -58654 0 0.005
4000.0 8040 -58654 1 0.01
4000.0 8040 -58654 0 0.01
4000.0 8040 -58654 1 0.015
4000.0 8040 -58654 0 0.015
8000.0 8040 -58654 1 0.002
8000.0 8040 -58654 0 0.002
8000.0 8040 -58654 1 0.005
8000.0 8040 -58654 0 0.005
8000.0 8040 -58654 1 0.01
8000.0 8040 -58654 0 0.01
8000.0 8040 -58654 1 0.015
8000.0 8040 -58654 0 0.015
12000.0 8040 -58654 1 0.002
12000.0 8040 -58654 0 0.002
12000.0 8040 -58654 1 0.005
12000.0 8040 -58654 0 0.005
12000.0 8040 -58654 1 0.01
12000.0 8040 -58654 0 0.01
12000.0 8040 -58654 1 0.015
12000.0 8040 -58654 0 0.015
16000.0 8040 -58654 1 0.002
16000.0 8040 -58654 0 0.002
16000.0 8040 -58654 1 0.005
16000.0 8040 -58654 0 0.005
16000.0 8040 -58654 1 0.01
16000.0 8040 -58654 0 0.01
16000.0 8040 -58654 1 0.015
16000.0 8040 -58654 0 0.015
20000.0 8040 -58654 1 0.002
20000.0 8040 -58654 0 0.002
20000.0 8040 -58654 1 0.005
20000.0 8040 -58654 0 0.005
20000.0 8040 -58654 1 0.01
20000.0 8040 -58654 0 0.01
20000.0 8040 -58654 1 0.015
20000.0 8040 -58654 0 0.015
24000.0 8040 -58654 1 0.002
24000.0 8040 -58654 0 0.002
24000.0 8040 -58654 1 0.005
24000.0 8040 -58654 0 0.005
24000.0 8040 -58654 1 0.01
24000.0 8040 -58654 0 0.01
24000.0 8040 -58654 1 0.015
24000.0 8040 -58654 0 0.015
28000.0 8040 -58654 1 0.002
28000.0 8040 -58654 0 0.002
28000.0 8040 -58654 1 0.005
28000.0 8040 -58654 0 0.005
28000.0 8040 -58654 1 0.01
28000.0 8040 -58654 0 0.01
28000.0 8040 -58654 1 0.015
28000.0 8040 -58654 0 0.015
28000.0 8040 -58654 1 0.002
28000.0 8040 -58654 0 0.002
28000.0 8040 -58654 1 0.005
28000.0 8040 -58654 0 0.005
28000.0 8040 -58654 1 0.01
28000.0 8040 -58654 0 0.01
28000.0 8040 -58654 1 0.015
28000.0 8040 -58654 0 0.015
24000.0 8040 -58654 1 0.002
24000.0 8040 -58654 0 0.002
24000.0 8040 -58654 1 0.005
24000.0 8040 -58654 0 0.005
24000.0 8040 -58654 1 0.01
24000.0 8040 -58654 0 0.01
24000.0 8040 -58654 1 0.015
24000.0 8040 -58654 0 0.015
20000.0 8040 -58654 1 0.002
20000.0 8040 -58654 0 0.002
20000.0 8040 -58654 1 0.005
20000.0 8040 -58654 0 0.005
20000.0 8040 -58654 1 0.01
20000.0 8040 -58654 0 0.01
20000.0 8040 -58654 1 0.015
20000.0 8040 -58654 0 0.015
16000.0 8040 -58654 1 0.002
16000.0 8040 -58654 0 0.002
16000.0 8040 -58654 1 0.005
16000.0 8040 -58654 0 0.005
16000.0 8040 -58654 1 0.01
16000.0 8040 -58654 0 0.01
16000.0 8040 -58654 1 0.015
16000.0 8040 -58654 0 0.015
12000.0 8040 -58654 1 0.002
12000.0 8040 -58654 0 0.002
12000.0 8040 -58654 1 0.005
12000.0 8040 -58654 0 0.005
12000.0 8040 -58654 1 0.01
12000.0 8040 -58654 0 0.01
12000.0 8040 -58654 1 0.015
12000.0 8040 -58654 0 0.015
8000.0 8040 -58654 1 0.002
8000.0 8040 -58654 0 0.002
8000.0 8040 -58654 1 0.005
8000.0 8040 -58654 0 0.005
8000.0 8040 -58654 1 0.01
8000.0 8040 -58654 0 0.01
8000.0 8040 -58654 1 0.015
8000.0 8040 -58654 0 0.015
4000.0 8040 -58654 1 0.002
4000.0 8040 -58654 0 0.002
4000.0 8040 -58654 1 0.005
4000.0 8040 -58654 0 0.005
4000.0 8040 -58654 1 0.01
4000.0 8040 -58654 0 0.01
4000.0 8040 -58654 1 0.015
4000.0 8040 -58654 0 0.015
0.0 8040 -58654 1 0.002
0.0 8040 -58654 0 0.002
0.0 8040 -58654 1 0.005
0.0 8040 -58654 0 0.005
0.0 8040 -58654 1 0.01
0.0 8040 -58654 0 0.01
0.0 8040 -58654 1 0.015
0.0 8040 -58654 0 0.015
0.0 8040 -58654 1 0.002
0.0 8040 -58654 0 0.002
0.0 8040 -58654 1 0.005
0.0 8040 -58654 0 0.005
0.0 8040 -58654 1 0.01
0.0 8040 -58654 0 0.01
0.0 8040 -58654 1 0.015
0.0 8040 -58654 0 0.015
4000.0 8040 -58654 1 0.002
4000.0 8040 -58654 0 0.002
4000.0 8040 -58654 1 0.005
4000.0 8040 -58654 0 0.005
4000.0 8040 -58654 1 0.01
4000.0 8040 -58654 0 0.01
4000.0 8040 -58654 1 0.015
4000.0 8040 -58654 0 0.015
8000.0 8040 -58654 1 0.002
8000.0 8040 -58654 0 0.002
8000.0 8040 -58654 1 0.005
8000.0 8040 -58654 0 0.005
8000.0 8040 -58654 1 0.01
8000.0 8040 -58654 0 0.01
8000.0 8040 -58654 1 0.015
8000.0 8040 -58654 0 0.015
12000.0 8040 -58654 1 0.002
12000.0 8040 -58654 0 0.002
12000.0 8040 -58654 1 0.005
12000.0 8040 -58654 0 0.005
12000.0 8040 -58654 1 0.01
12000.0 8040 -58654 0 0.01
12000.0 8040 -58654 1 0.015
12000.0 8040 -58654 0 0.015
16000.0 8040 -58654 1 0.002
16000.0 8040 -58654 0 0.002
16000.0 8040 -58654 1 0.005
16000.0 8040 -58654 0 0.005
16000.0 8040 -58654 1 0.01
16000.0 8040 -58654 0 0.01
16000.0 8040 -58654 1 0.015
16000.0 8040 -58654 0 0.015
20000.0 8040 -58654 1 0.002
20000.0 8040 -58654 0 0.002
20000.0 8040 -58654 1 0.005
20000.0 8040 -58654 0 0.005
20000.0 8040 -58654 1 0.01
20000.0 8040 -58654 0 0.01
20000.0 8040 -58654 1 0.015
20000.0 8040 -58654 0 0.015
24000.0 8040 -58654 1 0.002
24000.0 8040 -58654 0 0.002
24000.0 8040 -58654 1 0.005
24000.0 8040 -58654 0 0.005
24000.0 8040 -58654 1 0.01
24000.0 8040 -58654 0 0.01
24000.0 8040 -58654 1 0.015
24000.0 8040 -58654 0 0.015
28000.0 8040 -58654 1 0.002
28000.0 8040 -58654 0 0.002
28000.0 8040 -58654 1 0.005
28000.0 8040 -58654 0 0.005
28000.0 8040 -58654 1 0.01
28000.0 8040 -58654 0 0.01
28000.0 8040 -58654 1 0.015
28000.0 8040 -58654 0 0.015
0.0 -3960 -58654 1 0.002
0.0 -3960 -58654 0 0.002
0.0 -3960 -58654 1 0.005
0.0 -3960 -58654 0 0.005
0.0 -3960 -58654 1 0.01
0.0 -3960 -58654 0 0.01
0.0 -3960 -58654 1 0.015
0.0 -3960 -58654 0 0.015
4000.0 -3960 -58654 1 0.002
4000.0 -3960 -58654 0 0.002
4000.0 -3960 -58654 1 0.005
4000.0 -3960 -58654 0 0.005
4000.0 -3960 -58654 1 0.01
4000.0 -3960 -58654 0 0.01
4000.0 -3960 -58654 1 0.015
4000.0 -3960 -58654 0 0.015
8000.0 -3960 -58654 1 0.002
8000.0 -3960 -58654 0 0.002
8000.0 -3960 -58654 1 0.005
8000.0 -3960 -58654 0 0.005
8000.0 -3960 -58654 1 0.01
8000.0 -3960 -58654 0 0.01
8000.0 -3960 -58654 1 0.015
8000.0 -3960 -58654 0 0.015
12000.0 -3960 -58654 1 0.002
12000.0 -3960 -58654 0 0.002
12000.0 -3960 -58654 1 0.005
12000.0 -3960 -58654 0 0.005
12000.0 -3960 -58654 1 0.01
12000.0 -3960 -58654 0 0.01
12000.0 -3960 -58654 1 0.015
12000.0 -3960 -58654 0 0.015
16000.0 -3960 -58654 1 0.002
16000.0 -3960 -58654 0 0.002
16000.0 -3960 -58654 1 0.005
16000.0 -3960 -58654 0 0.005
16000.0 -3960 -58654 1 0.01
16000.0 -3960 -58654 0 0.01
16000.0 -3960 -58654 1 0.015
16000.0 -3960 -58654 0 0.015
20000.0 -3960 -58654 1 0.002
20000.0 -3960 -58654 0 0.002
20000.0 -3960 -58654 1 0.005
20000.0 -3960 -58654 0 0.005
20000.0 -3960 -58654 1 0.01
20000.0 -3960 -58654 0 0.01
20000.0 -3960 -58654 1 0.015
20000.0 -3960 -58654 0 0.015
24000.0 -3960 -58654 1 0.002
24000.0 -3960 -58654 0 0.002
24000.0 -3960 -58654 1 0.005
24000.0 -3960 -58654 0 0.005
24000.0 -3960 -58654 1 0.01
24000.0 -3960 -58654 0 0.01
24000.0 -3960 -58654 1 0.015
24000.0 -3960 -58654 0 0.015
28000.0 -3960 -58654 1 0.002
28000.0 -3960 -58654 0 0.002
28000.0 -3960 -58654 1 0.005
28000.0 -3960 -58654 0 0.005
28000.0 -3960 -58654 1 0.01
28000.0 -3960 -58654 0 0.01
28000.0 -3960 -58654 1 0.015
28000.0 -3960 -58654 0 0.015
28000.0 -3960 -58654 1 0.002
28000.0 -3960 -58654 0 0.002
28000.0 -3960 -58654 1 0.005
28000.0 -3960 -58654 0 0.005
28000.0 -3960 -58654 1 0.01
28000.0 -3960 -58654 0 0.01
28000.0 -3960 -58654 1 0.015
28000.0 -3960 -58654 0 0.015
24000.0 -3960 -58654 1 0.002
24000.0 -3960 -58654 0 0.002
24000.0 -3960 -58654 1 0.005
24000.0 -3960 -58654 0 0.005
24000.0 -3960 -58654 1 0.01
24000.0 -3960 -58654 0 0.01
24000.0 -3960 -58654 1 0.015
24000.0 -3960 -58654 0 0.015
20000.0 -3960 -58654 1 0.002
20000.0 -3960 -58654 0 0.002
20000.0 -3960 -58654 1 0.005
20000.0 -3960 -58654 0 0.005
20000.0 -3960 -58654 1 0.01
20000.0 -3960 -58654 0 0.01
20000.0 -3960 -58654 1 0.015
20000.0 -3960 -58654 0 0.015
16000.0 -3960 -58654 1 0.002
16000.0 -3960 -58654 0 0.002
16000.0 -3960 -58654 1 0.005
16000.0 -3960 -58654 0 0.005
16000.0 -3960 -58654 1 0.01
16000.0 -3960 -58654 0 0.01
16000.0 -3960 -58654 1 0.015
16000.0 -3960 -58654 0 0.015
12000.0 -3960 -58654 1 0.002
12000.0 -3960 -58654 0 0.002
12000.0 -3960 -58654 1 0.005
12000.0 -3960 -58654 0 0.005
12000.0 -3960 -58654 1 0.01
12000.0 -3960 -58654 0 0.01
12000.0 -3960 -58654 1 0.015
12000.0 -3960 -58654 0 0.015
8000.0 -3960 -58654 1 0.002
8000.0 -3960 -58654 0 0.002
8000.0 -3960 -58654 1 0.005
8000.0 -3960 -58654 0 0.005
8000.0 -3960 -58654 1 0.01
8000.0 -3960 -58654 0 0.01
8000.0 -3960 -58654 1 0.015
8000.0 -3960 -58654 0 0.015
4000.0 -3960 -58654 1 0.002
4000.0 -3960 -58654 0 0.002
4000.0 -3960 -58654 1 0.005
4000.0 -3960 -58654 0 0.005
4000.0 -3960 -58654 1 0.01
4000.0 -3960 -58654 0 0.01
4000.0 -3960 -58654 1 0.015
4000.0 -3960 -58654 0 0.015
0.0 -3960 -58654 1 0.002
0.0 -3960 -58654 0 0.002
0.0 -3960 -58654 1 0.005
0.0 -3960 -58654 0 0.005
0.0 -3960 -58654 1 0.01
0.0 -3960 -58654 0 0.01
0.0 -3960 -58654 1 0.015
0.0 -3960 -58654 0 0.015
0.0 -3960 -58654 1 0.002
0.0 -3960 -58654 0 0.002
0.0 -3960 -58654 1 0.005
0.0 -3960 -58654 0 0.005
0.0 -3960 -58654 1 0.01
0.0 -3960 -58654 0 0.01
0.0 -3960 -58654 1 0.015
0.0 -3960 -58654 0 0.015
4000.0 -3960 -58654 1 0.002
4000.0 -3960 -58654 0 0.002
4000.0 -3960 -58654 1 0.005
4000.0 -3960 -58654 0 0.005
4000.0 -3960 -58654 1 0.01
4000.0 -3960 -58654 0 0.01
4000.0 -3960 -58654 1 0.015
4000.0 -3960 -58654 0 0.015
8000.0 -3960 -58654 1 0.002
8000.0 -3960 -58654 0 0.002
8000.0 -3960 -58654 1 0.005
8000.0 -3960 -58654 0 0.005
8000.0 -3960 -58654 1 0.01
8000.0 -3960 -58654 0 0.01
8000.0 -3960 -58654 1 0.015
8000.0 -3960 -58654 0 0.015
12000.0 -3960 -58654 1 0.002
12000.0 -3960 -58654 0 0.002
12000.0 -3960 -58654 1 0.005
12000.0 -3960 -58654 0 0.005
12000.0 -3960 -58654 1 0.01
12000.0 -3960 -58654 0 0.01
12000.0 -3960 -58654 1 0.015
12000.0 -3960 -58654 0 0.015
16000.0 -3960 -58654 1 0.002
16000.0 -3960 -58654 0 0.002
16000.0 -3960 -58654 1 0.005
16000.0 -3960 -58654 0 0.005
16000.0 -3960 -58654 1 0.01
16000.0 -3960 -58654 0 0.01
16000.0 -3960 -58654 1 0.015
16000.0 -3960 -58654 0 0.015
20000.0 -3960 -58654 1 0.002
20000.0 -3960 -58654 0 0.002
20000.0 -3960 -58654 1 0.005
20000.0 -3960 -58654 0 0.005
20000.0 -3960 -58654 1 0.01
20000.0 -3960 -58654 0 0.01
20000.0 -3960 -58654 1 0.015
20000.0 -3960 -58654 0 0.015
24000.0 -3960 -58654 1 0.002
24000.0 -3960 -58654 0 0.002
24000.0 -3960 -58654 1 0.005
24000.0 -3960 -58654 0 0.005
24000.0 -3960 -58654 1 0.01
24000.0 -3960 -58654 0 0.01
24000.0 -3960 -58654 1 0.015
24000.0 -3960 -58654 0 0.015
28000.0 -3960 -58654 1 0.002
28000.0 -3960 -58654 0 0.002
28000.0 -3960 -58654 1 0.005
28000.0 -3960 -58654 0 0.005
28000.0 -3960 -58654 1 0.01
28000.0 -3960 -58654 0 0.01
28000.0 -3960 -58654 1 0.015
28000.0 -3960 -58654 0 0.015
0.0 40 -58654 1 0.002
0.0 40 -58654 0 0.002
0.0 40 -58654 1 0.005
0.0 40 -58654 0 0.005
0.0 40 -58654 1 0.01
0.0 40 -58654 0 0.01
0.0 40 -58654 1 0.015
0.0 40 -58654 0 0.015
4000.0 40 -58654 1 0.002
4000.0 40 -58654 0 0.002
4000.0 40 -58654 1 0.005
4000.0 40 -58654 0 0.005
4000.0 40 -58654 1 0.01
4000.0 40 -58654 0 0.01
4000.0 40 -58654 1 0.015
4000.0 40 -58654 0 0.015
8000.0 40 -58654 1 0.002
8000.0 40 -58654 0 0.002
8000.0 40 -58654 1 0.005
8000.0 40 -58654 0 0.005
8000.0 40 -58654 1 0.01
8000.0 40 -58654 0 0.01
8000.0 40 -58654 1 0.015
8000.0 40 -58654 0 0.015
12000.0 40 -58654 1 0.002
12000.0 40 -58654 0 0.002
12000.0 40 -58654 1 0.005
12000.0 40 -58654 0 0.005
12000.0 40 -58654 1 0.01
12000.0 40 -58654 0 0.01
12000.0 40 -58654 1 0.015
12000.0 40 -58654 0 0.015
16000.0 40 -58654 1 0.002
16000.0 40 -58654 0 0.002
16000.0 40 -58654 1 0.005
16000.0 40 -58654 0 0.005
16000.0 40 -58654 1 0.01
16000.0 40 -58654 0 0.01
16000.0 40 -58654 1 0.015
16000.0 40 -58654 0 0.015
20000.0 40 -58654 1 0.002
20000.0 40 -58654 0 0.002
20000.0 40 -58654 1 0.005
20000.0 40 -58654 0 0.005
20000.0 40 -58654 1 0.01
20000.0 40 -58654 0 0.01
20000.0 40 -58654 1 0.015
20000.0 40 -58654 0 0.015
24000.0 40 -58654 1 0.002
24000.0 40 -58654 0 0.002
24000.0 40 -58654 1 0.005
24000.0 40 -58654 0 0.005
24000.0 40 -58654 1 0.01
24000.0 40 -58654 0 0.01
24000.0 40 -58654 1 0.015
24000.0 40 -58654 0 0.015
28000.0 40 -58654 1 0.002
28000.0 40 -58654 0 0.002
28000.0 40 -58654 1 0.005
28000.0 40 -58654 0 0.005
28000.0 40 -58654 1 0.01
28000.0 40 -58654 0 0.01
28000.0 40 -58654 1 0.015
28000.0 40 -58654 0 0.015
28000.0 40 -58654 1 0.002
28000.0 40 -58654 0 0.002
28000.0 40 -58654 1 0.005
28000.0 40 -58654 0 0.005
28000.0 40 -58654 1 0.01
28000.0 40 -58654 0 0.01
28000.0 40 -58654 1 0.015
28000.0 40 -58654 0 0.015
24000.0 40 -58654 1 0.002
24000.0 40 -58654 0 0.002
24000.0 40 -58654 1 0.005
24000.0 40 -58654 0 0.005
24000.0 40 -58654 1 0.01
24000.0 40 -58654 0 0.01
24000.0 40 -58654 1 0.015
24000.0 40 -58654 0 0.015
20000.0 40 -58654 1 0.002
20000.0 40 -58654 0 0.002
20000.0 40 -58654 1 0.005
20000.0 40 -58654 0 0.005
20000.0 40 -58654 1 0.01
20000.0 40 -58654 0 0.01
20000.0 40 -58654 1 0.015
20000.0 40 -58654 0 0.015
16000.0 40 -58654 1 0.002
16000.0 40 -58654 0 0.002
16000.0 40 -58654 1 0.005
16000.0 40 -58654 0 0.005
16000.0 40 -58654 1 0.01
16000.0 40 -58654 0 0.01
16000.0 40 -58654 1 0.015
16000.0 40 -58654 0 0.015
12000.0 40 -58654 1 0.002
12000.0 40 -58654 0 0.002
12000.0 40 -58654 1 0.005
12000.0 40 -58654 0 0.005
12000.0 40 -58654 1 0.01
12000.0 40 -58654 0 0.01
12000.0 40 -58654 1 0.015
12000.0 40 -58654 0 0.015
8000.0 40 -58654 1 0.002
8000.0 40 -58654 0 0.002
8000.0 40 -58654 1 0.005
8000.0 40 -58654 0 0.005
8000.0 40 -58654 1 0.01
8000.0 40 -58654 0 0.01
8000.0 40 -58654 1 0.015
8000.0 40 -58654 0 0.015
4000.0 40 -58654 1 0.002
4000.0 40 -58654 0 0.002
4000.0 40 -58654 1 0.005
4000.0 40 -58654 0 0.005
4000.0 40 -58654 1 0.01
4000.0 40 -58654 0 0.01
4000.0 40 -58654 1 0.015
4000.0 40 -58654 0 0.015
0.0 40 -58654 1 0.002
0.0 40 -58654 0 0.002
0.0 40 -58654 1 0.005
0.0 40 -58654 0 0.005
0.0 40 -58654 1 0.01
0.0 40 -58654 0 0.01
0.0 40 -58654 1 0.015
0.0 40 -58654 0 0.015
0.0 40 -58654 1 0.002
0.0 40 -58654 0 0.002
0.0 40 -58654 1 0.005
0.0 40 -58654 0 0.005
0.0 40 -58654 1 0.01
0.0 40 -58654 0 0.01
0.0 40 -58654 1 0.015
0.0 40 -58654 0 0.015
4000.0 40 -58654 1 0.002
4000.0 40 -58654 0 0.002
4000.0 40 -58654 1 0.005
4000.0 40 -58654 0 0.005
4000.0 40 -58654 1 0.01
4000.0 40 -58654 0 0.01
4000.0 40 -58654 1 0.015
4000.0 40 -58654 0 0.015
8000.0 40 -58654 1 0.002
8000.0 40 -58654 0 0.002
8000.0 40 -58654 1 0.005
8000.0 40 -58654 0 0.005
8000.0 40 -58654 1 0.01
8000.0 40 -58654 0 0.01
8000.0 40 -58654 1 0.015
8000.0 40 -58654 0 0.015
12000.0 40 -58654 1 0.002
12000.0 40 -58654 0 0.002
12000.0 40 -58654 1 0.005
12000.0 40 -58654 0 0.005
12000.0 40 -58654 1 0.01
12000.0 40 -58654 0 0.01
12000.0 40 -58654 1 0.015
12000.0 40 -58654 0 0.015
16000.0 40 -58654 1 0.002
16000.0 40 -58654 0 0.002
16000.0 40 -58654 1 0.005
16000.0 40 -58654 0 0.005
16000.0 40 -58654 1 0.01
16000.0 40 -58654 0 0.01
16000.0 40 -58654 1 0.015
16000.0 40 -58654 0 0.015
20000.0 40 -58654 1 0.002
20000.0 40 -58654 0 0.002
20000.0 40 -58654 1 0.005
20000.0 40 -58654 0 0.005
20000.0 40 -58654 1 0.01
20000.0 40 -58654 0 0.01
20000.0 40 -58654 1 0.015
20000.0 40 -58654 0 0.015
24000.0 40 -58654 1 0.002
24000.0 40 -58654 0 0.002
24000.0 40 -58654 1 0.005
24000.0 40 -58654 0 0.005
24000.0 40 -58654 1 0.01
24000.0 40 -58654 0 0.01
24000.0 40 -58654 1 0.015
24000.0 40 -58654 0 0.015
28000.0 40 -58654 1 0.002
28000.0 40 -58654 0 0.002
28000.0 40 -58654 1 0.005
28000.0 40 -58654 0 0.005
28000.0 40 -58654 1 0.01
28000.0 40 -58654 0 0.01
28000.0 40 -58654 1 0.015
28000.0 40 -58654 0 0.015