3400.0 4150 -72032 1
3400.0 4150 -72032 0
6400.0 4150 -72032 1
6400.0 4150 -72032 0
9400.0 4150 -72032 1
9400.0 4150 -72032 0
12400.0 4150 -72032 1
12400.0 4150 -72032 0
15400.0 4150 -72032 1
15400.0 4150 -72032 0
18400.0 4150 -72032 1
18400.0 4150 -72032 0
21400.0 4150 -72032 1
21400.0 4150 -72032 0
24400.0 4150 -72032 1
24400.0 4150 -72032 0
27400.0 4150 -72032 1
27400.0 4150 -72032 0
27400.0 4150 -72032 1
27400.0 4150 -72032 0
24400.0 4150 -72032 1
24400.0 4150 -72032 0
21400.0 4150 -72032 1
21400.0 4150 -72032 0
18400.0 4150 -72032 1
18400.0 4150 -72032 0
15400.0 4150 -72032 1
15400.0 4150 -72032 0
12400.0 4150 -72032 1
12400.0 4150 -72032 0
9400.0 4150 -72032 1
9400.0 4150 -72032 0
6400.0 4150 -72032 1
6400.0 4150 -72032 0
3400.0 4150 -72032 1
3400.0 4150 -72032 0
3400.0 4150 -72032 1
3400.0 4150 -72032 0
6400.0 4150 -72032 1
6400.0 4150 -72032 0
9400.0 4150 -72032 1
9400.0 4150 -72032 0
12400.0 4150 -72032 1
12400.0 4150 -72032 0
15400.0 4150 -72032 1
15400.0 4150 -72032 0
18400.0 4150 -72032 1
18400.0 4150 -72032 0
21400.0 4150 -72032 1
21400.0 4150 -72032 0
24400.0 4150 -72032 1
24400.0 4150 -72032 0
27400.0 4150 -72032 1
27400.0 4150 -72032 0
27400.0 4150 -72032 1
27400.0 4150 -72032 0
24400.0 4150 -72032 1
24400.0 4150 -72032 0
21400.0 4150 -72032 1
21400.0 4150 -72032 0
18400.0 4150 -72032 1
18400.0 4150 -72032 0
15400.0 4150 -72032 1
15400.0 4150 -72032 0
12400.0 4150 -72032 1
12400.0 4150 -72032 0
9400.0 4150 -72032 1
9400.0 4150 -72032 0
6400.0 4150 -72032 1
6400.0 4150 -72032 0
3400.0 4150 -72032 1
3400.0 4150 -72032 0
3400.0 4150 -72032 1
3400.0 4150 -72032 0
6400.0 4150 -72032 1
6400.0 4150 -72032 0
9400.0 4150 -72032 1
9400.0 4150 -72032 0
12400.0 4150 -72032 1
12400.0 4150 -72032 0
15400.0 4150 -72032 1
15400.0 4150 -72032 0
18400.0 4150 -72032 1
18400.0 4150 -72032 0
21400.0 4150 -72032 1
21400.0 4150 -72032 0
24400.0 4150 -72032 1
24400.0 4150 -72032 0
27400.0 4150 -72032 1
27400.0 4150 -72032 0
27400.0 4150 -72032 1
27400.0 4150 -72032 0
24400.0 4150 -72032 1
24400.0 4150 -72032 0
21400.0 4150 -72032 1
21400.0 4150 -72032 0
18400.0 4150 -72032 1
18400.0 4150 -72032 0
15400.0 4150 -72032 1
15400.0 4150 -72032 0
12400.0 4150 -72032 1
12400.0 4150 -72032 0
9400.0 4150 -72032 1
9400.0 4150 -72032 0
6400.0 4150 -72032 1
6400.0 4150 -72032 0
3400.0 4150 -72032 1
3400.0 4150 -72032 0
3400.0 4150 -72032 1
3400.0 4150 -72032 0
6400.0 4150 -72032 1
6400.0 4150 -72032 0
9400.0 4150 -72032 1
9400.0 4150 -72032 0
12400.0 4150 -72032 1
12400.0 4150 -72032 0
15400.0 4150 -72032 1
15400.0 4150 -72032 0
18400.0 4150 -72032 1
18400.0 4150 -72032 0
21400.0 4150 -72032 1
21400.0 4150 -72032 0
24400.0 4150 -72032 1
24400.0 4150 -72032 0
27400.0 4150 -72032 1
27400.0 4150 -72032 0
27400.0 4150 -72032 1
27400.0 4150 -72032 0
24400.0 4150 -72032 1
24400.0 4150 -72032 0
21400.0 4150 -72032 1
21400.0 4150 -72032 0
18400.0 4150 -72032 1
18400.0 4150 -72032 0
15400.0 4150 -72032 1
15400.0 4150 -72032 0
12400.0 4150 -72032 1
12400.0 4150 -72032 0
9400.0 4150 -72032 1
9400.0 4150 -72032 0
6400.0 4150 -72032 1
6400.0 4150 -72032 0
3400.0 4150 -72032 1
3400.0 4150 -72032 0
3400.0 8150 -72032 1
3400.0 8150 -72032 0
6400.0 8150 -72032 1
6400.0 8150 -72032 0
9400.0 8150 -72032 1
9400.0 8150 -72032 0
12400.0 8150 -72032 1
12400.0 8150 -72032 0
15400.0 8150 -72032 1
15400.0 8150 -72032 0
18400.0 8150 -72032 1
18400.0 8150 -72032 0
21400.0 8150 -72032 1
21400.0 8150 -72032 0
24400.0 8150 -72032 1
24400.0 8150 -72032 0
27400.0 8150 -72032 1
27400.0 8150 -72032 0
27400.0 8150 -72032 1
27400.0 8150 -72032 0
24400.0 8150 -72032 1
24400.0 8150 -72032 0
21400.0 8150 -72032 1
21400.0 8150 -72032 0
18400.0 8150 -72032 1
18400.0 8150 -72032 0
15400.0 8150 -72032 1
15400.0 8150 -72032 0
12400.0 8150 -72032 1
12400.0 8150 -72032 0
9400.0 8150 -72032 1
9400.0 8150 -72032 0
6400.0 8150 -72032 1
6400.0 8150 -72032 0
3400.0 8150 -72032 1
3400.0 8150 -72032 0
3400.0 8150 -72032 1
3400.0 8150 -72032 0
6400.0 8150 -72032 1
6400.0 8150 -72032 0
9400.0 8150 -72032 1
9400.0 8150 -72032 0
12400.0 8150 -72032 1
12400.0 8150 -72032 0
15400.0 8150 -72032 1
15400.0 8150 -72032 0
18400.0 8150 -72032 1
18400.0 8150 -72032 0
21400.0 8150 -72032 1
21400.0 8150 -72032 0
24400.0 8150 -72032 1
24400.0 8150 -72032 0
27400.0 8150 -72032 1
27400.0 8150 -72032 0
27400.0 8150 -72032 1
27400.0 8150 -72032 0
24400.0 8150 -72032 1
24400.0 8150 -72032 0
21400.0 8150 -72032 1
21400.0 8150 -72032 0
18400.0 8150 -72032 1
18400.0 8150 -72032 0
15400.0 8150 -72032 1
15400.0 8150 -72032 0
12400.0 8150 -72032 1
12400.0 8150 -72032 0
9400.0 8150 -72032 1
9400.0 8150 -72032 0
6400.0 8150 -72032 1
6400.0 8150 -72032 0
3400.0 8150 -72032 1
3400.0 8150 -72032 0
3400.0 8150 -72032 1
3400.0 8150 -72032 0
6400.0 8150 -72032 1
6400.0 8150 -72032 0
9400.0 8150 -72032 1
9400.0 8150 -72032 0
12400.0 8150 -72032 1
12400.0 8150 -72032 0
15400.0 8150 -72032 1
15400.0 8150 -72032 0
18400.0 8150 -72032 1
18400.0 8150 -72032 0
21400.0 8150 -72032 1
21400.0 8150 -72032 0
24400.0 8150 -72032 1
24400.0 8150 -72032 0
27400.0 8150 -72032 1
27400.0 8150 -72032 0
27400.0 8150 -72032 1
27400.0 8150 -72032 0
24400.0 8150 -72032 1
24400.0 8150 -72032 0
21400.0 8150 -72032 1
21400.0 8150 -72032 0
18400.0 8150 -72032 1
18400.0 8150 -72032 0
15400.0 8150 -72032 1
15400.0 8150 -72032 0
12400.0 8150 -72032 1
12400.0 8150 -72032 0
9400.0 8150 -72032 1
9400.0 8150 -72032 0
6400.0 8150 -72032 1
6400.0 8150 -72032 0
3400.0 8150 -72032 1
3400.0 8150 -72032 0
3400.0 8150 -72032 1
3400.0 8150 -72032 0
6400.0 8150 -72032 1
6400.0 8150 -72032 0
9400.0 8150 -72032 1
9400.0 8150 -72032 0
12400.0 8150 -72032 1
12400.0 8150 -72032 0
15400.0 8150 -72032 1
15400.0 8150 -72032 0
18400.0 8150 -72032 1
18400.0 8150 -72032 0
21400.0 8150 -72032 1
21400.0 8150 -72032 0
24400.0 8150 -72032 1
24400.0 8150 -72032 0
27400.0 8150 -72032 1
27400.0 8150 -72032 0
27400.0 8150 -72032 1
27400.0 8150 -72032 0
24400.0 8150 -72032 1
24400.0 8150 -72032 0
21400.0 8150 -72032 1
21400.0 8150 -72032 0
18400.0 8150 -72032 1
18400.0 8150 -72032 0
15400.0 8150 -72032 1
15400.0 8150 -72032 0
12400.0 8150 -72032 1
12400.0 8150 -72032 0
9400.0 8150 -72032 1
9400.0 8150 -72032 0
6400.0 8150 -72032 1
6400.0 8150 -72032 0
3400.0 8150 -72032 1
3400.0 8150 -72032 0
3400.0 -3850 -72032 1
3400.0 -3850 -72032 0
6400.0 -3850 -72032 1
6400.0 -3850 -72032 0
9400.0 -3850 -72032 1
9400.0 -3850 -72032 0
12400.0 -3850 -72032 1
12400.0 -3850 -72032 0
15400.0 -3850 -72032 1
15400.0 -3850 -72032 0
18400.0 -3850 -72032 1
18400.0 -3850 -72032 0
21400.0 -3850 -72032 1
21400.0 -3850 -72032 0
24400.0 -3850 -72032 1
24400.0 -3850 -72032 0
27400.0 -3850 -72032 1
27400.0 -3850 -72032 0
27400.0 -3850 -72032 1
27400.0 -3850 -72032 0
24400.0 -3850 -72032 1
24400.0 -3850 -72032 0
21400.0 -3850 -72032 1
21400.0 -3850 -72032 0
18400.0 -3850 -72032 1
18400.0 -3850 -72032 0
15400.0 -3850 -72032 1
15400.0 -3850 -72032 0
12400.0 -3850 -72032 1
12400.0 -3850 -72032 0
9400.0 -3850 -72032 1
9400.0 -3850 -72032 0
6400.0 -3850 -72032 1
6400.0 -3850 -72032 0
3400.0 -3850 -72032 1
3400.0 -3850 -72032 0
3400.0 -3850 -72032 1
3400.0 -3850 -72032 0
6400.0 -3850 -72032 1
6400.0 -3850 -72032 0
9400.0 -3850 -72032 1
9400.0 -3850 -72032 0
12400.0 -3850 -72032 1
12400.0 -3850 -72032 0
15400.0 -3850 -72032 1
15400.0 -3850 -72032 0
18400.0 -3850 -72032 1
18400.0 -3850 -72032 0
21400.0 -3850 -72032 1
21400.0 -3850 -72032 0
24400.0 -3850 -72032 1
24400.0 -3850 -72032 0
27400.0 -3850 -72032 1
27400.0 -3850 -72032 0
27400.0 -3850 -72032 1
27400.0 -3850 -72032 0
24400.0 -3850 -72032 1
24400.0 -3850 -72032 0
21400.0 -3850 -72032 1
21400.0 -3850 -72032 0
18400.0 -3850 -72032 1
18400.0 -3850 -72032 0
15400.0 -3850 -72032 1
15400.0 -3850 -72032 0
12400.0 -3850 -72032 1
12400.0 -3850 -72032 0
9400.0 -3850 -72032 1
9400.0 -3850 -72032 0
6400.0 -3850 -72032 1
6400.0 -3850 -72032 0
3400.0 -3850 -72032 1
3400.0 -3850 -72032 0
3400.0 -3850 -72032 1
3400.0 -3850 -72032 0
6400.0 -3850 -72032 1
6400.0 -3850 -72032 0
9400.0 -3850 -72032 1
9400.0 -3850 -72032 0
12400.0 -3850 -72032 1
12400.0 -3850 -72032 0
15400.0 -3850 -72032 1
15400.0 -3850 -72032 0
18400.0 -3850 -72032 1
18400.0 -3850 -72032 0
21400.0 -3850 -72032 1
21400.0 -3850 -72032 0
24400.0 -3850 -72032 1
24400.0 -3850 -72032 0
27400.0 -3850 -72032 1
27400.0 -3850 -72032 0
27400.0 -3850 -72032 1
27400.0 -3850 -72032 0
24400.0 -3850 -72032 1
24400.0 -3850 -72032 0
21400.0 -3850 -72032 1
21400.0 -3850 -72032 0
18400.0 -3850 -72032 1
18400.0 -3850 -72032 0
15400.0 -3850 -72032 1
15400.0 -3850 -72032 0
12400.0 -3850 -72032 1
12400.0 -3850 -72032 0
9400.0 -3850 -72032 1
9400.0 -3850 -72032 0
6400.0 -3850 -72032 1
6400.0 -3850 -72032 0
3400.0 -3850 -72032 1
3400.0 -3850 -72032 0
3400.0 -3850 -72032 1
3400.0 -3850 -72032 0
6400.0 -3850 -72032 1
6400.0 -3850 -72032 0
9400.0 -3850 -72032 1
9400.0 -3850 -72032 0
12400.0 -3850 -72032 1
12400.0 -3850 -72032 0
15400.0 -3850 -72032 1
15400.0 -3850 -72032 0
18400.0 -3850 -72032 1
18400.0 -3850 -72032 0
21400.0 -3850 -72032 1
21400.0 -3850 -72032 0
24400.0 -3850 -72032 1
24400.0 -3850 -72032 0
27400.0 -3850 -72032 1
27400.0 -3850 -72032 0
27400.0 -3850 -72032 1
27400.0 -3850 -72032 0
24400.0 -3850 -72032 1
24400.0 -3850 -72032 0
21400.0 -3850 -72032 1
21400.0 -3850 -72032 0
18400.0 -3850 -72032 1
18400.0 -3850 -72032 0
15400.0 -3850 -72032 1
15400.0 -3850 -72032 0
12400.0 -3850 -72032 1
12400.0 -3850 -72032 0
9400.0 -3850 -72032 1
9400.0 -3850 -72032 0
6400.0 -3850 -72032 1
6400.0 -3850 -72032 0
3400.0 -3850 -72032 1
3400.0 -3850 -72032 0
3400.0 150 -72032 1
3400.0 150 -72032 0
6400.0 150 -72032 1
6400.0 150 -72032 0
9400.0 150 -72032 1
9400.0 150 -72032 0
12400.0 150 -72032 1
12400.0 150 -72032 0
15400.0 150 -72032 1
15400.0 150 -72032 0
18400.0 150 -72032 1
18400.0 150 -72032 0
21400.0 150 -72032 1
21400.0 150 -72032 0
24400.0 150 -72032 1
24400.0 150 -72032 0
27400.0 150 -72032 1
27400.0 150 -72032 0
27400.0 150 -72032 1
27400.0 150 -72032 0
24400.0 150 -72032 1
24400.0 150 -72032 0
21400.0 150 -72032 1
21400.0 150 -72032 0
18400.0 150 -72032 1
18400.0 150 -72032 0
15400.0 150 -72032 1
15400.0 150 -72032 0
12400.0 150 -72032 1
12400.0 150 -72032 0
9400.0 150 -72032 1
9400.0 150 -72032 0
6400.0 150 -72032 1
6400.0 150 -72032 0
3400.0 150 -72032 1
3400.0 150 -72032 0
3400.0 150 -72032 1
3400.0 150 -72032 0
6400.0 150 -72032 1
6400.0 150 -72032 0
9400.0 150 -72032 1
9400.0 150 -72032 0
12400.0 150 -72032 1
12400.0 150 -72032 0
15400.0 150 -72032 1
15400.0 150 -72032 0
18400.0 150 -72032 1
18400.0 150 -72032 0
21400.0 150 -72032 1
21400.0 150 -72032 0
24400.0 150 -72032 1
24400.0 150 -72032 0
27400.0 150 -72032 1
27400.0 150 -72032 0
27400.0 150 -72032 1
27400.0 150 -72032 0
24400.0 150 -72032 1
24400.0 150 -72032 0
21400.0 150 -72032 1
21400.0 150 -72032 0
18400.0 150 -72032 1
18400.0 150 -72032 0
15400.0 150 -72032 1
15400.0 150 -72032 0
12400.0 150 -72032 1
12400.0 150 -72032 0
9400.0 150 -72032 1
9400.0 150 -72032 0
6400.0 150 -72032 1
6400.0 150 -72032 0
3400.0 150 -72032 1
3400.0 150 -72032 0
3400.0 150 -72032 1
3400.0 150 -72032 0
6400.0 150 -72032 1
6400.0 150 -72032 0
9400.0 150 -72032 1
9400.0 150 -72032 0
12400.0 150 -72032 1
12400.0 150 -72032 0
15400.0 150 -72032 1
15400.0 150 -72032 0
18400.0 150 -72032 1
18400.0 150 -72032 0
21400.0 150 -72032 1
21400.0 150 -72032 0
24400.0 150 -72032 1
24400.0 150 -72032 0
27400.0 150 -72032 1
27400.0 150 -72032 0
27400.0 150 -72032 1
27400.0 150 -72032 0
24400.0 150 -72032 1
24400.0 150 -72032 0
21400.0 150 -72032 1
21400.0 150 -72032 0
18400.0 150 -72032 1
18400.0 150 -72032 0
15400.0 150 -72032 1
15400.0 150 -72032 0
12400.0 150 -72032 1
12400.0 150 -72032 0
9400.0 150 -72032 1
9400.0 150 -72032 0
6400.0 150 -72032 1
6400.0 150 -72032 0
3400.0 150 -72032 1
3400.0 150 -72032 0
3400.0 150 -72032 1
3400.0 150 -72032 0
6400.0 150 -72032 1
6400.0 150 -72032 0
9400.0 150 -72032 1
9400.0 150 -72032 0
12400.0 150 -72032 1
12400.0 150 -72032 0
15400.0 150 -72032 1
15400.0 150 -72032 0
18400.0 150 -72032 1
18400.0 150 -72032 0
21400.0 150 -72032 1
21400.0 150 -72032 0
24400.0 150 -72032 1
24400.0 150 -72032 0
27400.0 150 -72032 1
27400.0 150 -72032 0
27400.0 150 -72032 1
27400.0 150 -72032 0
24400.0 150 -72032 1
24400.0 150 -72032 0
21400.0 150 -72032 1
21400.0 150 -72032 0
18400.0 150 -72032 1
18400.0 150 -72032 0
15400.0 150 -72032 1
15400.0 150 -72032 0
12400.0 150 -72032 1
12400.0 150 -72032 0
9400.0 150 -72032 1
9400.0 150 -72032 0
6400.0 150 -72032 1
6400.0 150 -72032 0
3400.0 150 -72032 1
3400.0 150 -72032 0
3400.0 4150 -52032 1
3400.0 4150 -52032 0
6400.0 4150 -52032 1
6400.0 4150 -52032 0
9400.0 4150 -52032 1
9400.0 4150 -52032 0
12400.0 4150 -52032 1
12400.0 4150 -52032 0
15400.0 4150 -52032 1
15400.0 4150 -52032 0
18400.0 4150 -52032 1
18400.0 4150 -52032 0
21400.0 4150 -52032 1
21400.0 4150 -52032 0
24400.0 4150 -52032 1
24400.0 4150 -52032 0
27400.0 4150 -52032 1
27400.0 4150 -52032 0
27400.0 4150 -52032 1
27400.0 4150 -52032 0
24400.0 4150 -52032 1
24400.0 4150 -52032 0
21400.0 4150 -52032 1
21400.0 4150 -52032 0
18400.0 4150 -52032 1
18400.0 4150 -52032 0
15400.0 4150 -52032 1
15400.0 4150 -52032 0
12400.0 4150 -52032 1
12400.0 4150 -52032 0
9400.0 4150 -52032 1
9400.0 4150 -52032 0
6400.0 4150 -52032 1
6400.0 4150 -52032 0
3400.0 4150 -52032 1
3400.0 4150 -52032 0
3400.0 4150 -52032 1
3400.0 4150 -52032 0
6400.0 4150 -52032 1
6400.0 4150 -52032 0
9400.0 4150 -52032 1
9400.0 4150 -52032 0
12400.0 4150 -52032 1
12400.0 4150 -52032 0
15400.0 4150 -52032 1
15400.0 4150 -52032 0
18400.0 4150 -52032 1
18400.0 4150 -52032 0
21400.0 4150 -52032 1
21400.0 4150 -52032 0
24400.0 4150 -52032 1
24400.0 4150 -52032 0
27400.0 4150 -52032 1
27400.0 4150 -52032 0
27400.0 4150 -52032 1
27400.0 4150 -52032 0
24400.0 4150 -52032 1
24400.0 4150 -52032 0
21400.0 4150 -52032 1
21400.0 4150 -52032 0
18400.0 4150 -52032 1
18400.0 4150 -52032 0
15400.0 4150 -52032 1
15400.0 4150 -52032 0
12400.0 4150 -52032 1
12400.0 4150 -52032 0
9400.0 4150 -52032 1
9400.0 4150 -52032 0
6400.0 4150 -52032 1
6400.0 4150 -52032 0
3400.0 4150 -52032 1
3400.0 4150 -52032 0
3400.0 4150 -52032 1
3400.0 4150 -52032 0
6400.0 4150 -52032 1
6400.0 4150 -52032 0
9400.0 4150 -52032 1
9400.0 4150 -52032 0
12400.0 4150 -52032 1
12400.0 4150 -52032 0
15400.0 4150 -52032 1
15400.0 4150 -52032 0
18400.0 4150 -52032 1
18400.0 4150 -52032 0
21400.0 4150 -52032 1
21400.0 4150 -52032 0
24400.0 4150 -52032 1
24400.0 4150 -52032 0
27400.0 4150 -52032 1
27400.0 4150 -52032 0
27400.0 4150 -52032 1
27400.0 4150 -52032 0
24400.0 4150 -52032 1
24400.0 4150 -52032 0
21400.0 4150 -52032 1
21400.0 4150 -52032 0
18400.0 4150 -52032 1
18400.0 4150 -52032 0
15400.0 4150 -52032 1
15400.0 4150 -52032 0
12400.0 4150 -52032 1
12400.0 4150 -52032 0
9400.0 4150 -52032 1
9400.0 4150 -52032 0
6400.0 4150 -52032 1
6400.0 4150 -52032 0
3400.0 4150 -52032 1
3400.0 4150 -52032 0
3400.0 4150 -52032 1
3400.0 4150 -52032 0
6400.0 4150 -52032 1
6400.0 4150 -52032 0
9400.0 4150 -52032 1
9400.0 4150 -52032 0
12400.0 4150 -52032 1
12400.0 4150 -52032 0
15400.0 4150 -52032 1
15400.0 4150 -52032 0
18400.0 4150 -52032 1
18400.0 4150 -52032 0
21400.0 4150 -52032 1
21400.0 4150 -52032 0
24400.0 4150 -52032 1
24400.0 4150 -52032 0
27400.0 4150 -52032 1
27400.0 4150 -52032 0
27400.0 4150 -52032 1
27400.0 4150 -52032 0
24400.0 4150 -52032 1
24400.0 4150 -52032 0
21400.0 4150 -52032 1
21400.0 4150 -52032 0
18400.0 4150 -52032 1
18400.0 4150 -52032 0
15400.0 4150 -52032 1
15400.0 4150 -52032 0
12400.0 4150 -52032 1
12400.0 4150 -52032 0
9400.0 4150 -52032 1
9400.0 4150 -52032 0
6400.0 4150 -52032 1
6400.0 4150 -52032 0
3400.0 4150 -52032 1
3400.0 4150 -52032 0
3400.0 8150 -52032 1
3400.0 8150 -52032 0
6400.0 8150 -52032 1
6400.0 8150 -52032 0
9400.0 8150 -52032 1
9400.0 8150 -52032 0
12400.0 8150 -52032 1
12400.0 8150 -52032 0
15400.0 8150 -52032 1
15400.0 8150 -52032 0
18400.0 8150 -52032 1
18400.0 8150 -52032 0
21400.0 8150 -52032 1
21400.0 8150 -52032 0
24400.0 8150 -52032 1
24400.0 8150 -52032 0
27400.0 8150 -52032 1
27400.0 8150 -52032 0
27400.0 8150 -52032 1
27400.0 8150 -52032 0
24400.0 8150 -52032 1
24400.0 8150 -52032 0
21400.0 8150 -52032 1
21400.0 8150 -52032 0
18400.0 8150 -52032 1
18400.0 8150 -52032 0
15400.0 8150 -52032 1
15400.0 8150 -52032 0
12400.0 8150 -52032 1
12400.0 8150 -52032 0
9400.0 8150 -52032 1
9400.0 8150 -52032 0
6400.0 8150 -52032 1
6400.0 8150 -52032 0
3400.0 8150 -52032 1
3400.0 8150 -52032 0
3400.0 8150 -52032 1
3400.0 8150 -52032 0
6400.0 8150 -52032 1
6400.0 8150 -52032 0
9400.0 8150 -52032 1
9400.0 8150 -52032 0
12400.0 8150 -52032 1
12400.0 8150 -52032 0
15400.0 8150 -52032 1
15400.0 8150 -52032 0
18400.0 8150 -52032 1
18400.0 8150 -52032 0
21400.0 8150 -52032 1
21400.0 8150 -52032 0
24400.0 8150 -52032 1
24400.0 8150 -52032 0
27400.0 8150 -52032 1
27400.0 8150 -52032 0
27400.0 8150 -52032 1
27400.0 8150 -52032 0
24400.0 8150 -52032 1
24400.0 8150 -52032 0
21400.0 8150 -52032 1
21400.0 8150 -52032 0
18400.0 8150 -52032 1
18400.0 8150 -52032 0
15400.0 8150 -52032 1
15400.0 8150 -52032 0
12400.0 8150 -52032 1
12400.0 8150 -52032 0
9400.0 8150 -52032 1
9400.0 8150 -52032 0
6400.0 8150 -52032 1
6400.0 8150 -52032 0
3400.0 8150 -52032 1
3400.0 8150 -52032 0
3400.0 8150 -52032 1
3400.0 8150 -52032 0
6400.0 8150 -52032 1
6400.0 8150 -52032 0
9400.0 8150 -52032 1
9400.0 8150 -52032 0
12400.0 8150 -52032 1
12400.0 8150 -52032 0
15400.0 8150 -52032 1
15400.0 8150 -52032 0
18400.0 8150 -52032 1
18400.0 8150 -52032 0
21400.0 8150 -52032 1
21400.0 8150 -52032 0
24400.0 8150 -52032 1
24400.0 8150 -52032 0
27400.0 8150 -52032 1
27400.0 8150 -52032 0
27400.0 8150 -52032 1
27400.0 8150 -52032 0
24400.0 8150 -52032 1
24400.0 8150 -52032 0
21400.0 8150 -52032 1
21400.0 8150 -52032 0
18400.0 8150 -52032 1
18400.0 8150 -52032 0
15400.0 8150 -52032 1
15400.0 8150 -52032 0
12400.0 8150 -52032 1
12400.0 8150 -52032 0
9400.0 8150 -52032 1
9400.0 8150 -52032 0
6400.0 8150 -52032 1
6400.0 8150 -52032 0
3400.0 8150 -52032 1
3400.0 8150 -52032 0
3400.0 8150 -52032 1
3400.0 8150 -52032 0
6400.0 8150 -52032 1
6400.0 8150 -52032 0
9400.0 8150 -52032 1
9400.0 8150 -52032 0
12400.0 8150 -52032 1
12400.0 8150 -52032 0
15400.0 8150 -52032 1
15400.0 8150 -52032 0
18400.0 8150 -52032 1
18400.0 8150 -52032 0
21400.0 8150 -52032 1
21400.0 8150 -52032 0
24400.0 8150 -52032 1
24400.0 8150 -52032 0
27400.0 8150 -52032 1
27400.0 8150 -52032 0
27400.0 8150 -52032 1
27400.0 8150 -52032 0
24400.0 8150 -52032 1
24400.0 8150 -52032 0
21400.0 8150 -52032 1
21400.0 8150 -52032 0
18400.0 8150 -52032 1
18400.0 8150 -52032 0
15400.0 8150 -52032 1
15400.0 8150 -52032 0
12400.0 8150 -52032 1
12400.0 8150 -52032 0
9400.0 8150 -52032 1
9400.0 8150 -52032 0
6400.0 8150 -52032 1
6400.0 8150 -52032 0
3400.0 8150 -52032 1
3400.0 8150 -52032 0
3400.0 -3850 -52032 1
3400.0 -3850 -52032 0
6400.0 -3850 -52032 1
6400.0 -3850 -52032 0
9400.0 -3850 -52032 1
9400.0 -3850 -52032 0
12400.0 -3850 -52032 1
12400.0 -3850 -52032 0
15400.0 -3850 -52032 1
15400.0 -3850 -52032 0
18400.0 -3850 -52032 1
18400.0 -3850 -52032 0
21400.0 -3850 -52032 1
21400.0 -3850 -52032 0
24400.0 -3850 -52032 1
24400.0 -3850 -52032 0
27400.0 -3850 -52032 1
27400.0 -3850 -52032 0
27400.0 -3850 -52032 1
27400.0 -3850 -52032 0
24400.0 -3850 -52032 1
24400.0 -3850 -52032 0
21400.0 -3850 -52032 1
21400.0 -3850 -52032 0
18400.0 -3850 -52032 1
18400.0 -3850 -52032 0
15400.0 -3850 -52032 1
15400.0 -3850 -52032 0
12400.0 -3850 -52032 1
12400.0 -3850 -52032 0
9400.0 -3850 -52032 1
9400.0 -3850 -52032 0
6400.0 -3850 -52032 1
6400.0 -3850 -52032 0
3400.0 -3850 -52032 1
3400.0 -3850 -52032 0
3400.0 -3850 -52032 1
3400.0 -3850 -52032 0
6400.0 -3850 -52032 1
6400.0 -3850 -52032 0
9400.0 -3850 -52032 1
9400.0 -3850 -52032 0
12400.0 -3850 -52032 1
12400.0 -3850 -52032 0
15400.0 -3850 -52032 1
15400.0 -3850 -52032 0
18400.0 -3850 -52032 1
18400.0 -3850 -52032 0
21400.0 -3850 -52032 1
21400.0 -3850 -52032 0
24400.0 -3850 -52032 1
24400.0 -3850 -52032 0
27400.0 -3850 -52032 1
27400.0 -3850 -52032 0
27400.0 -3850 -52032 1
27400.0 -3850 -52032 0
24400.0 -3850 -52032 1
24400.0 -3850 -52032 0
21400.0 -3850 -52032 1
21400.0 -3850 -52032 0
18400.0 -3850 -52032 1
18400.0 -3850 -52032 0
15400.0 -3850 -52032 1
15400.0 -3850 -52032 0
12400.0 -3850 -52032 1
12400.0 -3850 -52032 0
9400.0 -3850 -52032 1
9400.0 -3850 -52032 0
6400.0 -3850 -52032 1
6400.0 -3850 -52032 0
3400.0 -3850 -52032 1
3400.0 -3850 -52032 0
3400.0 -3850 -52032 1
3400.0 -3850 -52032 0
6400.0 -3850 -52032 1
6400.0 -3850 -52032 0
9400.0 -3850 -52032 1
9400.0 -3850 -52032 0
12400.0 -3850 -52032 1
12400.0 -3850 -52032 0
15400.0 -3850 -52032 1
15400.0 -3850 -52032 0
18400.0 -3850 -52032 1
18400.0 -3850 -52032 0
21400.0 -3850 -52032 1
21400.0 -3850 -52032 0
24400.0 -3850 -52032 1
24400.0 -3850 -52032 0
27400.0 -3850 -52032 1
27400.0 -3850 -52032 0
27400.0 -3850 -52032 1
27400.0 -3850 -52032 0
24400.0 -3850 -52032 1
24400.0 -3850 -52032 0
21400.0 -3850 -52032 1
21400.0 -3850 -52032 0
18400.0 -3850 -52032 1
18400.0 -3850 -52032 0
15400.0 -3850 -52032 1
15400.0 -3850 -52032 0
12400.0 -3850 -52032 1
12400.0 -3850 -52032 0
9400.0 -3850 -52032 1
9400.0 -3850 -52032 0
6400.0 -3850 -52032 1
6400.0 -3850 -52032 0
3400.0 -3850 -52032 1
3400.0 -3850 -52032 0
3400.0 -3850 -52032 1
3400.0 -3850 -52032 0
6400.0 -3850 -52032 1
6400.0 -3850 -52032 0
9400.0 -3850 -52032 1
9400.0 -3850 -52032 0
12400.0 -3850 -52032 1
12400.0 -3850 -52032 0
15400.0 -3850 -52032 1
15400.0 -3850 -52032 0
18400.0 -3850 -52032 1
18400.0 -3850 -52032 0
21400.0 -3850 -52032 1
21400.0 -3850 -52032 0
24400.0 -3850 -52032 1
24400.0 -3850 -52032 0
27400.0 -3850 -52032 1
27400.0 -3850 -52032 0
27400.0 -3850 -52032 1
27400.0 -3850 -52032 0
24400.0 -3850 -52032 1
24400.0 -3850 -52032 0
21400.0 -3850 -52032 1
21400.0 -3850 -52032 0
18400.0 -3850 -52032 1
18400.0 -3850 -52032 0
15400.0 -3850 -52032 1
15400.0 -3850 -52032 0
12400.0 -3850 -52032 1
12400.0 -3850 -52032 0
9400.0 -3850 -52032 1
9400.0 -3850 -52032 0
6400.0 -3850 -52032 1
6400.0 -3850 -52032 0
3400.0 -3850 -52032 1
3400.0 -3850 -52032 0
3400.0 150 -52032 1
3400.0 150 -52032 0
6400.0 150 -52032 1
6400.0 150 -52032 0
9400.0 150 -52032 1
9400.0 150 -52032 0
12400.0 150 -52032 1
12400.0 150 -52032 0
15400.0 150 -52032 1
15400.0 150 -52032 0
18400.0 150 -52032 1
18400.0 150 -52032 0
21400.0 150 -52032 1
21400.0 150 -52032 0
24400.0 150 -52032 1
24400.0 150 -52032 0
27400.0 150 -52032 1
27400.0 150 -52032 0
27400.0 150 -52032 1
27400.0 150 -52032 0
24400.0 150 -52032 1
24400.0 150 -52032 0
21400.0 150 -52032 1
21400.0 150 -52032 0
18400.0 150 -52032 1
18400.0 150 -52032 0
15400.0 150 -52032 1
15400.0 150 -52032 0
12400.0 150 -52032 1
12400.0 150 -52032 0
9400.0 150 -52032 1
9400.0 150 -52032 0
6400.0 150 -52032 1
6400.0 150 -52032 0
3400.0 150 -52032 1
3400.0 150 -52032 0
3400.0 150 -52032 1
3400.0 150 -52032 0
6400.0 150 -52032 1
6400.0 150 -52032 0
9400.0 150 -52032 1
9400.0 150 -52032 0
12400.0 150 -52032 1
12400.0 150 -52032 0
15400.0 150 -52032 1
15400.0 150 -52032 0
18400.0 150 -52032 1
18400.0 150 -52032 0
21400.0 150 -52032 1
21400.0 150 -52032 0
24400.0 150 -52032 1
24400.0 150 -52032 0
27400.0 150 -52032 1
27400.0 150 -52032 0
27400.0 150 -52032 1
27400.0 150 -52032 0
24400.0 150 -52032 1
24400.0 150 -52032 0
21400.0 150 -52032 1
21400.0 150 -52032 0
18400.0 150 -52032 1
18400.0 150 -52032 0
15400.0 150 -52032 1
15400.0 150 -52032 0
12400.0 150 -52032 1
12400.0 150 -52032 0
9400.0 150 -52032 1
9400.0 150 -52032 0
6400.0 150 -52032 1
6400.0 150 -52032 0
3400.0 150 -52032 1
3400.0 150 -52032 0
3400.0 150 -52032 1
3400.0 150 -52032 0
6400.0 150 -52032 1
6400.0 150 -52032 0
9400.0 150 -52032 1
9400.0 150 -52032 0
12400.0 150 -52032 1
12400.0 150 -52032 0
15400.0 150 -52032 1
15400.0 150 -52032 0
18400.0 150 -52032 1
18400.0 150 -52032 0
21400.0 150 -52032 1
21400.0 150 -52032 0
24400.0 150 -52032 1
24400.0 150 -52032 0
27400.0 150 -52032 1
27400.0 150 -52032 0
27400.0 150 -52032 1
27400.0 150 -52032 0
24400.0 150 -52032 1
24400.0 150 -52032 0
21400.0 150 -52032 1
21400.0 150 -52032 0
18400.0 150 -52032 1
18400.0 150 -52032 0
15400.0 150 -52032 1
15400.0 150 -52032 0
12400.0 150 -52032 1
12400.0 150 -52032 0
9400.0 150 -52032 1
9400.0 150 -52032 0
6400.0 150 -52032 1
6400.0 150 -52032 0
3400.0 150 -52032 1
3400.0 150 -52032 0
3400.0 150 -52032 1
3400.0 150 -52032 0
6400.0 150 -52032 1
6400.0 150 -52032 0
9400.0 150 -52032 1
9400.0 150 -52032 0
12400.0 150 -52032 1
12400.0 150 -52032 0
15400.0 150 -52032 1
15400.0 150 -52032 0
18400.0 150 -52032 1
18400.0 150 -52032 0
21400.0 150 -52032 1
21400.0 150 -52032 0
24400.0 150 -52032 1
24400.0 150 -52032 0
27400.0 150 -52032 1
27400.0 150 -52032 0
27400.0 150 -52032 1
27400.0 150 -52032 0
24400.0 150 -52032 1
24400.0 150 -52032 0
21400.0 150 -52032 1
21400.0 150 -52032 0
18400.0 150 -52032 1
18400.0 150 -52032 0
15400.0 150 -52032 1
15400.0 150 -52032 0
12400.0 150 -52032 1
12400.0 150 -52032 0
9400.0 150 -52032 1
9400.0 150 -52032 0
6400.0 150 -52032 1
6400.0 150 -52032 0
3400.0 150 -52032 1
3400.0 150 -52032 0
3400.0 4150 -32032 1
3400.0 4150 -32032 0
6400.0 4150 -32032 1
6400.0 4150 -32032 0
9400.0 4150 -32032 1
9400.0 4150 -32032 0
12400.0 4150 -32032 1
12400.0 4150 -32032 0
15400.0 4150 -32032 1
15400.0 4150 -32032 0
18400.0 4150 -32032 1
18400.0 4150 -32032 0
21400.0 4150 -32032 1
21400.0 4150 -32032 0
24400.0 4150 -32032 1
24400.0 4150 -32032 0
27400.0 4150 -32032 1
27400.0 4150 -32032 0
27400.0 4150 -32032 1
27400.0 4150 -32032 0
24400.0 4150 -32032 1
24400.0 4150 -32032 0
21400.0 4150 -32032 1
21400.0 4150 -32032 0
18400.0 4150 -32032 1
18400.0 4150 -32032 0
15400.0 4150 -32032 1
15400.0 4150 -32032 0
12400.0 4150 -32032 1
12400.0 4150 -32032 0
9400.0 4150 -32032 1
9400.0 4150 -32032 0
6400.0 4150 -32032 1
6400.0 4150 -32032 0
3400.0 4150 -32032 1
3400.0 4150 -32032 0
3400.0 4150 -32032 1
3400.0 4150 -32032 0
6400.0 4150 -32032 1
6400.0 4150 -32032 0
9400.0 4150 -32032 1
9400.0 4150 -32032 0
12400.0 4150 -32032 1
12400.0 4150 -32032 0
15400.0 4150 -32032 1
15400.0 4150 -32032 0
18400.0 4150 -32032 1
18400.0 4150 -32032 0
21400.0 4150 -32032 1
21400.0 4150 -32032 0
24400.0 4150 -32032 1
24400.0 4150 -32032 0
27400.0 4150 -32032 1
27400.0 4150 -32032 0
27400.0 4150 -32032 1
27400.0 4150 -32032 0
24400.0 4150 -32032 1
24400.0 4150 -32032 0
21400.0 4150 -32032 1
21400.0 4150 -32032 0
18400.0 4150 -32032 1
18400.0 4150 -32032 0
15400.0 4150 -32032 1
15400.0 4150 -32032 0
12400.0 4150 -32032 1
12400.0 4150 -32032 0
9400.0 4150 -32032 1
9400.0 4150 -32032 0
6400.0 4150 -32032 1
6400.0 4150 -32032 0
3400.0 4150 -32032 1
3400.0 4150 -32032 0
3400.0 4150 -32032 1
3400.0 4150 -32032 0
6400.0 4150 -32032 1
6400.0 4150 -32032 0
9400.0 4150 -32032 1
9400.0 4150 -32032 0
12400.0 4150 -32032 1
12400.0 4150 -32032 0
15400.0 4150 -32032 1
15400.0 4150 -32032 0
18400.0 4150 -32032 1
18400.0 4150 -32032 0
21400.0 4150 -32032 1
21400.0 4150 -32032 0
24400.0 4150 -32032 1
24400.0 4150 -32032 0
27400.0 4150 -32032 1
27400.0 4150 -32032 0
27400.0 4150 -32032 1
27400.0 4150 -32032 0
24400.0 4150 -32032 1
24400.0 4150 -32032 0
21400.0 4150 -32032 1
21400.0 4150 -32032 0
18400.0 4150 -32032 1
18400.0 4150 -32032 0
15400.0 4150 -32032 1
15400.0 4150 -32032 0
12400.0 4150 -32032 1
12400.0 4150 -32032 0
9400.0 4150 -32032 1
9400.0 4150 -32032 0
6400.0 4150 -32032 1
6400.0 4150 -32032 0
3400.0 4150 -32032 1
3400.0 4150 -32032 0
3400.0 4150 -32032 1
3400.0 4150 -32032 0
6400.0 4150 -32032 1
6400.0 4150 -32032 0
9400.0 4150 -32032 1
9400.0 4150 -32032 0
12400.0 4150 -32032 1
12400.0 4150 -32032 0
15400.0 4150 -32032 1
15400.0 4150 -32032 0
18400.0 4150 -32032 1
18400.0 4150 -32032 0
21400.0 4150 -32032 1
21400.0 4150 -32032 0
24400.0 4150 -32032 1
24400.0 4150 -32032 0
27400.0 4150 -32032 1
27400.0 4150 -32032 0
27400.0 4150 -32032 1
27400.0 4150 -32032 0
24400.0 4150 -32032 1
24400.0 4150 -32032 0
21400.0 4150 -32032 1
21400.0 4150 -32032 0
18400.0 4150 -32032 1
18400.0 4150 -32032 0
15400.0 4150 -32032 1
15400.0 4150 -32032 0
12400.0 4150 -32032 1
12400.0 4150 -32032 0
9400.0 4150 -32032 1
9400.0 4150 -32032 0
6400.0 4150 -32032 1
6400.0 4150 -32032 0
3400.0 4150 -32032 1
3400.0 4150 -32032 0
3400.0 8150 -32032 1
3400.0 8150 -32032 0
6400.0 8150 -32032 1
6400.0 8150 -32032 0
9400.0 8150 -32032 1
9400.0 8150 -32032 0
12400.0 8150 -32032 1
12400.0 8150 -32032 0
15400.0 8150 -32032 1
15400.0 8150 -32032 0
18400.0 8150 -32032 1
18400.0 8150 -32032 0
21400.0 8150 -32032 1
21400.0 8150 -32032 0
24400.0 8150 -32032 1
24400.0 8150 -32032 0
27400.0 8150 -32032 1
27400.0 8150 -32032 0
27400.0 8150 -32032 1
27400.0 8150 -32032 0
24400.0 8150 -32032 1
24400.0 8150 -32032 0
21400.0 8150 -32032 1
21400.0 8150 -32032 0
18400.0 8150 -32032 1
18400.0 8150 -32032 0
15400.0 8150 -32032 1
15400.0 8150 -32032 0
12400.0 8150 -32032 1
12400.0 8150 -32032 0
9400.0 8150 -32032 1
9400.0 8150 -32032 0
6400.0 8150 -32032 1
6400.0 8150 -32032 0
3400.0 8150 -32032 1
3400.0 8150 -32032 0
3400.0 8150 -32032 1
3400.0 8150 -32032 0
6400.0 8150 -32032 1
6400.0 8150 -32032 0
9400.0 8150 -32032 1
9400.0 8150 -32032 0
12400.0 8150 -32032 1
12400.0 8150 -32032 0
15400.0 8150 -32032 1
15400.0 8150 -32032 0
18400.0 8150 -32032 1
18400.0 8150 -32032 0
21400.0 8150 -32032 1
21400.0 8150 -32032 0
24400.0 8150 -32032 1
24400.0 8150 -32032 0
27400.0 8150 -32032 1
27400.0 8150 -32032 0
27400.0 8150 -32032 1
27400.0 8150 -32032 0
24400.0 8150 -32032 1
24400.0 8150 -32032 0
21400.0 8150 -32032 1
21400.0 8150 -32032 0
18400.0 8150 -32032 1
18400.0 8150 -32032 0
15400.0 8150 -32032 1
15400.0 8150 -32032 0
12400.0 8150 -32032 1
12400.0 8150 -32032 0
9400.0 8150 -32032 1
9400.0 8150 -32032 0
6400.0 8150 -32032 1
6400.0 8150 -32032 0
3400.0 8150 -32032 1
3400.0 8150 -32032 0
3400.0 8150 -32032 1
3400.0 8150 -32032 0
6400.0 8150 -32032 1
6400.0 8150 -32032 0
9400.0 8150 -32032 1
9400.0 8150 -32032 0
12400.0 8150 -32032 1
12400.0 8150 -32032 0
15400.0 8150 -32032 1
15400.0 8150 -32032 0
18400.0 8150 -32032 1
18400.0 8150 -32032 0
21400.0 8150 -32032 1
21400.0 8150 -32032 0
24400.0 8150 -32032 1
24400.0 8150 -32032 0
27400.0 8150 -32032 1
27400.0 8150 -32032 0
27400.0 8150 -32032 1
27400.0 8150 -32032 0
24400.0 8150 -32032 1
24400.0 8150 -32032 0
21400.0 8150 -32032 1
21400.0 8150 -32032 0
18400.0 8150 -32032 1
18400.0 8150 -32032 0
15400.0 8150 -32032 1
15400.0 8150 -32032 0
12400.0 8150 -32032 1
12400.0 8150 -32032 0
9400.0 8150 -32032 1
9400.0 8150 -32032 0
6400.0 8150 -32032 1
6400.0 8150 -32032 0
3400.0 8150 -32032 1
3400.0 8150 -32032 0
3400.0 8150 -32032 1
3400.0 8150 -32032 0
6400.0 8150 -32032 1
6400.0 8150 -32032 0
9400.0 8150 -32032 1
9400.0 8150 -32032 0
12400.0 8150 -32032 1
12400.0 8150 -32032 0
15400.0 8150 -32032 1
15400.0 8150 -32032 0
18400.0 8150 -32032 1
18400.0 8150 -32032 0
21400.0 8150 -32032 1
21400.0 8150 -32032 0
24400.0 8150 -32032 1
24400.0 8150 -32032 0
27400.0 8150 -32032 1
27400.0 8150 -32032 0
27400.0 8150 -32032 1
27400.0 8150 -32032 0
24400.0 8150 -32032 1
24400.0 8150 -32032 0
21400.0 8150 -32032 1
21400.0 8150 -32032 0
18400.0 8150 -32032 1
18400.0 8150 -32032 0
15400.0 8150 -32032 1
15400.0 8150 -32032 0
12400.0 8150 -32032 1
12400.0 8150 -32032 0
9400.0 8150 -32032 1
9400.0 8150 -32032 0
6400.0 8150 -32032 1
6400.0 8150 -32032 0
3400.0 8150 -32032 1
3400.0 8150 -32032 0
3400.0 -3850 -32032 1
3400.0 -3850 -32032 0
6400.0 -3850 -32032 1
6400.0 -3850 -32032 0
9400.0 -3850 -32032 1
9400.0 -3850 -32032 0
12400.0 -3850 -32032 1
12400.0 -3850 -32032 0
15400.0 -3850 -32032 1
15400.0 -3850 -32032 0
18400.0 -3850 -32032 1
18400.0 -3850 -32032 0
21400.0 -3850 -32032 1
21400.0 -3850 -32032 0
24400.0 -3850 -32032 1
24400.0 -3850 -32032 0
27400.0 -3850 -32032 1
27400.0 -3850 -32032 0
27400.0 -3850 -32032 1
27400.0 -3850 -32032 0
24400.0 -3850 -32032 1
24400.0 -3850 -32032 0
21400.0 -3850 -32032 1
21400.0 -3850 -32032 0
18400.0 -3850 -32032 1
18400.0 -3850 -32032 0
15400.0 -3850 -32032 1
15400.0 -3850 -32032 0
12400.0 -3850 -32032 1
12400.0 -3850 -32032 0
9400.0 -3850 -32032 1
9400.0 -3850 -32032 0
6400.0 -3850 -32032 1
6400.0 -3850 -32032 0
3400.0 -3850 -32032 1
3400.0 -3850 -32032 0
3400.0 -3850 -32032 1
3400.0 -3850 -32032 0
6400.0 -3850 -32032 1
6400.0 -3850 -32032 0
9400.0 -3850 -32032 1
9400.0 -3850 -32032 0
12400.0 -3850 -32032 1
12400.0 -3850 -32032 0
15400.0 -3850 -32032 1
15400.0 -3850 -32032 0
18400.0 -3850 -32032 1
18400.0 -3850 -32032 0
21400.0 -3850 -32032 1
21400.0 -3850 -32032 0
24400.0 -3850 -32032 1
24400.0 -3850 -32032 0
27400.0 -3850 -32032 1
27400.0 -3850 -32032 0
27400.0 -3850 -32032 1
27400.0 -3850 -32032 0
24400.0 -3850 -32032 1
24400.0 -3850 -32032 0
21400.0 -3850 -32032 1
21400.0 -3850 -32032 0
18400.0 -3850 -32032 1
18400.0 -3850 -32032 0
15400.0 -3850 -32032 1
15400.0 -3850 -32032 0
12400.0 -3850 -32032 1
12400.0 -3850 -32032 0
9400.0 -3850 -32032 1
9400.0 -3850 -32032 0
6400.0 -3850 -32032 1
6400.0 -3850 -32032 0
3400.0 -3850 -32032 1
3400.0 -3850 -32032 0
3400.0 -3850 -32032 1
3400.0 -3850 -32032 0
6400.0 -3850 -32032 1
6400.0 -3850 -32032 0
9400.0 -3850 -32032 1
9400.0 -3850 -32032 0
12400.0 -3850 -32032 1
12400.0 -3850 -32032 0
15400.0 -3850 -32032 1
15400.0 -3850 -32032 0
18400.0 -3850 -32032 1
18400.0 -3850 -32032 0
21400.0 -3850 -32032 1
21400.0 -3850 -32032 0
24400.0 -3850 -32032 1
24400.0 -3850 -32032 0
27400.0 -3850 -32032 1
27400.0 -3850 -32032 0
27400.0 -3850 -32032 1
27400.0 -3850 -32032 0
24400.0 -3850 -32032 1
24400.0 -3850 -32032 0
21400.0 -3850 -32032 1
21400.0 -3850 -32032 0
18400.0 -3850 -32032 1
18400.0 -3850 -32032 0
15400.0 -3850 -32032 1
15400.0 -3850 -32032 0
12400.0 -3850 -32032 1
12400.0 -3850 -32032 0
9400.0 -3850 -32032 1
9400.0 -3850 -32032 0
6400.0 -3850 -32032 1
6400.0 -3850 -32032 0
3400.0 -3850 -32032 1
3400.0 -3850 -32032 0
3400.0 -3850 -32032 1
3400.0 -3850 -32032 0
6400.0 -3850 -32032 1
6400.0 -3850 -32032 0
9400.0 -3850 -32032 1
9400.0 -3850 -32032 0
12400.0 -3850 -32032 1
12400.0 -3850 -32032 0
15400.0 -3850 -32032 1
15400.0 -3850 -32032 0
18400.0 -3850 -32032 1
18400.0 -3850 -32032 0
21400.0 -3850 -32032 1
21400.0 -3850 -32032 0
24400.0 -3850 -32032 1
24400.0 -3850 -32032 0
27400.0 -3850 -32032 1
27400.0 -3850 -32032 0
27400.0 -3850 -32032 1
27400.0 -3850 -32032 0
24400.0 -3850 -32032 1
24400.0 -3850 -32032 0
21400.0 -3850 -32032 1
21400.0 -3850 -32032 0
18400.0 -3850 -32032 1
18400.0 -3850 -32032 0
15400.0 -3850 -32032 1
15400.0 -3850 -32032 0
12400.0 -3850 -32032 1
12400.0 -3850 -32032 0
9400.0 -3850 -32032 1
9400.0 -3850 -32032 0
6400.0 -3850 -32032 1
6400.0 -3850 -32032 0
3400.0 -3850 -32032 1
3400.0 -3850 -32032 0
3400.0 150 -32032 1
3400.0 150 -32032 0
6400.0 150 -32032 1
6400.0 150 -32032 0
9400.0 150 -32032 1
9400.0 150 -32032 0
12400.0 150 -32032 1
12400.0 150 -32032 0
15400.0 150 -32032 1
15400.0 150 -32032 0
18400.0 150 -32032 1
18400.0 150 -32032 0
21400.0 150 -32032 1
21400.0 150 -32032 0
24400.0 150 -32032 1
24400.0 150 -32032 0
27400.0 150 -32032 1
27400.0 150 -32032 0
27400.0 150 -32032 1
27400.0 150 -32032 0
24400.0 150 -32032 1
24400.0 150 -32032 0
21400.0 150 -32032 1
21400.0 150 -32032 0
18400.0 150 -32032 1
18400.0 150 -32032 0
15400.0 150 -32032 1
15400.0 150 -32032 0
12400.0 150 -32032 1
12400.0 150 -32032 0
9400.0 150 -32032 1
9400.0 150 -32032 0
6400.0 150 -32032 1
6400.0 150 -32032 0
3400.0 150 -32032 1
3400.0 150 -32032 0
3400.0 150 -32032 1
3400.0 150 -32032 0
6400.0 150 -32032 1
6400.0 150 -32032 0
9400.0 150 -32032 1
9400.0 150 -32032 0
12400.0 150 -32032 1
12400.0 150 -32032 0
15400.0 150 -32032 1
15400.0 150 -32032 0
18400.0 150 -32032 1
18400.0 150 -32032 0
21400.0 150 -32032 1
21400.0 150 -32032 0
24400.0 150 -32032 1
24400.0 150 -32032 0
27400.0 150 -32032 1
27400.0 150 -32032 0
27400.0 150 -32032 1
27400.0 150 -32032 0
24400.0 150 -32032 1
24400.0 150 -32032 0
21400.0 150 -32032 1
21400.0 150 -32032 0
18400.0 150 -32032 1
18400.0 150 -32032 0
15400.0 150 -32032 1
15400.0 150 -32032 0
12400.0 150 -32032 1
12400.0 150 -32032 0
9400.0 150 -32032 1
9400.0 150 -32032 0
6400.0 150 -32032 1
6400.0 150 -32032 0
3400.0 150 -32032 1
3400.0 150 -32032 0
3400.0 150 -32032 1
3400.0 150 -32032 0
6400.0 150 -32032 1
6400.0 150 -32032 0
9400.0 150 -32032 1
9400.0 150 -32032 0
12400.0 150 -32032 1
12400.0 150 -32032 0
15400.0 150 -32032 1
15400.0 150 -32032 0
18400.0 150 -32032 1
18400.0 150 -32032 0
21400.0 150 -32032 1
21400.0 150 -32032 0
24400.0 150 -32032 1
24400.0 150 -32032 0
27400.0 150 -32032 1
27400.0 150 -32032 0
27400.0 150 -32032 1
27400.0 150 -32032 0
24400.0 150 -32032 1
24400.0 150 -32032 0
21400.0 150 -32032 1
21400.0 150 -32032 0
18400.0 150 -32032 1
18400.0 150 -32032 0
15400.0 150 -32032 1
15400.0 150 -32032 0
12400.0 150 -32032 1
12400.0 150 -32032 0
9400.0 150 -32032 1
9400.0 150 -32032 0
6400.0 150 -32032 1
6400.0 150 -32032 0
3400.0 150 -32032 1
3400.0 150 -32032 0
3400.0 150 -32032 1
3400.0 150 -32032 0
6400.0 150 -32032 1
6400.0 150 -32032 0
9400.0 150 -32032 1
9400.0 150 -32032 0
12400.0 150 -32032 1
12400.0 150 -32032 0
15400.0 150 -32032 1
15400.0 150 -32032 0
18400.0 150 -32032 1
18400.0 150 -32032 0
21400.0 150 -32032 1
21400.0 150 -32032 0
24400.0 150 -32032 1
24400.0 150 -32032 0
27400.0 150 -32032 1
27400.0 150 -32032 0
27400.0 150 -32032 1
27400.0 150 -32032 0
24400.0 150 -32032 1
24400.0 150 -32032 0
21400.0 150 -32032 1
21400.0 150 -32032 0
18400.0 150 -32032 1
18400.0 150 -32032 0
15400.0 150 -32032 1
15400.0 150 -32032 0
12400.0 150 -32032 1
12400.0 150 -32032 0
9400.0 150 -32032 1
9400.0 150 -32032 0
6400.0 150 -32032 1
6400.0 150 -32032 0
3400.0 150 -32032 1
3400.0 150 -32032 0