3400.0 3900 -64500.0 1
3400.0 3900 -64500.0 0
7700.0 3900 -64500.0 1
7700.0 3900 -64500.0 0
12000.0 3900 -64500.0 1
12000.0 3900 -64500.0 0
16300.0 3900 -64500.0 1
16300.0 3900 -64500.0 0
20600.0 3900 -64500.0 1
20600.0 3900 -64500.0 0
24900.0 3900 -64500.0 1
24900.0 3900 -64500.0 0
29200.0 3900 -64500.0 1
29200.0 3900 -64500.0 0
33500.0 3900 -64500.0 1
33500.0 3900 -64500.0 0
33500.0 3900 -64500.0 1
33500.0 3900 -64500.0 0
29200.0 3900 -64500.0 1
29200.0 3900 -64500.0 0
24900.0 3900 -64500.0 1
24900.0 3900 -64500.0 0
20600.0 3900 -64500.0 1
20600.0 3900 -64500.0 0
16300.0 3900 -64500.0 1
16300.0 3900 -64500.0 0
12000.0 3900 -64500.0 1
12000.0 3900 -64500.0 0
7700.0 3900 -64500.0 1
7700.0 3900 -64500.0 0
3400.0 3900 -64500.0 1
3400.0 3900 -64500.0 0
3400.0 3900 -64500.0 1
3400.0 3900 -64500.0 0
7700.0 3900 -64500.0 1
7700.0 3900 -64500.0 0
12000.0 3900 -64500.0 1
12000.0 3900 -64500.0 0
16300.0 3900 -64500.0 1
16300.0 3900 -64500.0 0
20600.0 3900 -64500.0 1
20600.0 3900 -64500.0 0
24900.0 3900 -64500.0 1
24900.0 3900 -64500.0 0
29200.0 3900 -64500.0 1
29200.0 3900 -64500.0 0
33500.0 3900 -64500.0 1
33500.0 3900 -64500.0 0
33500.0 3900 -64500.0 1
33500.0 3900 -64500.0 0
29200.0 3900 -64500.0 1
29200.0 3900 -64500.0 0
24900.0 3900 -64500.0 1
24900.0 3900 -64500.0 0
20600.0 3900 -64500.0 1
20600.0 3900 -64500.0 0
16300.0 3900 -64500.0 1
16300.0 3900 -64500.0 0
12000.0 3900 -64500.0 1
12000.0 3900 -64500.0 0
7700.0 3900 -64500.0 1
7700.0 3900 -64500.0 0
3400.0 3900 -64500.0 1
3400.0 3900 -64500.0 0
3400.0 3900 -64500.0 1
3400.0 3900 -64500.0 0
7700.0 3900 -64500.0 1
7700.0 3900 -64500.0 0
12000.0 3900 -64500.0 1
12000.0 3900 -64500.0 0
16300.0 3900 -64500.0 1
16300.0 3900 -64500.0 0
20600.0 3900 -64500.0 1
20600.0 3900 -64500.0 0
24900.0 3900 -64500.0 1
24900.0 3900 -64500.0 0
29200.0 3900 -64500.0 1
29200.0 3900 -64500.0 0
33500.0 3900 -64500.0 1
33500.0 3900 -64500.0 0
33500.0 3900 -64500.0 1
33500.0 3900 -64500.0 0
29200.0 3900 -64500.0 1
29200.0 3900 -64500.0 0
24900.0 3900 -64500.0 1
24900.0 3900 -64500.0 0
20600.0 3900 -64500.0 1
20600.0 3900 -64500.0 0
16300.0 3900 -64500.0 1
16300.0 3900 -64500.0 0
12000.0 3900 -64500.0 1
12000.0 3900 -64500.0 0
7700.0 3900 -64500.0 1
7700.0 3900 -64500.0 0
3400.0 3900 -64500.0 1
3400.0 3900 -64500.0 0
3400.0 3900 -64500.0 1
3400.0 3900 -64500.0 0
7700.0 3900 -64500.0 1
7700.0 3900 -64500.0 0
12000.0 3900 -64500.0 1
12000.0 3900 -64500.0 0
16300.0 3900 -64500.0 1
16300.0 3900 -64500.0 0
20600.0 3900 -64500.0 1
20600.0 3900 -64500.0 0
24900.0 3900 -64500.0 1
24900.0 3900 -64500.0 0
29200.0 3900 -64500.0 1
29200.0 3900 -64500.0 0
33500.0 3900 -64500.0 1
33500.0 3900 -64500.0 0
33500.0 3900 -64500.0 1
33500.0 3900 -64500.0 0
29200.0 3900 -64500.0 1
29200.0 3900 -64500.0 0
24900.0 3900 -64500.0 1
24900.0 3900 -64500.0 0
20600.0 3900 -64500.0 1
20600.0 3900 -64500.0 0
16300.0 3900 -64500.0 1
16300.0 3900 -64500.0 0
12000.0 3900 -64500.0 1
12000.0 3900 -64500.0 0
7700.0 3900 -64500.0 1
7700.0 3900 -64500.0 0
3400.0 3900 -64500.0 1
3400.0 3900 -64500.0 0
3400.0 7900 -64500.0 1
3400.0 7900 -64500.0 0
7700.0 7900 -64500.0 1
7700.0 7900 -64500.0 0
12000.0 7900 -64500.0 1
12000.0 7900 -64500.0 0
16300.0 7900 -64500.0 1
16300.0 7900 -64500.0 0
20600.0 7900 -64500.0 1
20600.0 7900 -64500.0 0
24900.0 7900 -64500.0 1
24900.0 7900 -64500.0 0
29200.0 7900 -64500.0 1
29200.0 7900 -64500.0 0
33500.0 7900 -64500.0 1
33500.0 7900 -64500.0 0
33500.0 7900 -64500.0 1
33500.0 7900 -64500.0 0
29200.0 7900 -64500.0 1
29200.0 7900 -64500.0 0
24900.0 7900 -64500.0 1
24900.0 7900 -64500.0 0
20600.0 7900 -64500.0 1
20600.0 7900 -64500.0 0
16300.0 7900 -64500.0 1
16300.0 7900 -64500.0 0
12000.0 7900 -64500.0 1
12000.0 7900 -64500.0 0
7700.0 7900 -64500.0 1
7700.0 7900 -64500.0 0
3400.0 7900 -64500.0 1
3400.0 7900 -64500.0 0
3400.0 7900 -64500.0 1
3400.0 7900 -64500.0 0
7700.0 7900 -64500.0 1
7700.0 7900 -64500.0 0
12000.0 7900 -64500.0 1
12000.0 7900 -64500.0 0
16300.0 7900 -64500.0 1
16300.0 7900 -64500.0 0
20600.0 7900 -64500.0 1
20600.0 7900 -64500.0 0
24900.0 7900 -64500.0 1
24900.0 7900 -64500.0 0
29200.0 7900 -64500.0 1
29200.0 7900 -64500.0 0
33500.0 7900 -64500.0 1
33500.0 7900 -64500.0 0
33500.0 7900 -64500.0 1
33500.0 7900 -64500.0 0
29200.0 7900 -64500.0 1
29200.0 7900 -64500.0 0
24900.0 7900 -64500.0 1
24900.0 7900 -64500.0 0
20600.0 7900 -64500.0 1
20600.0 7900 -64500.0 0
16300.0 7900 -64500.0 1
16300.0 7900 -64500.0 0
12000.0 7900 -64500.0 1
12000.0 7900 -64500.0 0
7700.0 7900 -64500.0 1
7700.0 7900 -64500.0 0
3400.0 7900 -64500.0 1
3400.0 7900 -64500.0 0
3400.0 7900 -64500.0 1
3400.0 7900 -64500.0 0
7700.0 7900 -64500.0 1
7700.0 7900 -64500.0 0
12000.0 7900 -64500.0 1
12000.0 7900 -64500.0 0
16300.0 7900 -64500.0 1
16300.0 7900 -64500.0 0
20600.0 7900 -64500.0 1
20600.0 7900 -64500.0 0
24900.0 7900 -64500.0 1
24900.0 7900 -64500.0 0
29200.0 7900 -64500.0 1
29200.0 7900 -64500.0 0
33500.0 7900 -64500.0 1
33500.0 7900 -64500.0 0
33500.0 7900 -64500.0 1
33500.0 7900 -64500.0 0
29200.0 7900 -64500.0 1
29200.0 7900 -64500.0 0
24900.0 7900 -64500.0 1
24900.0 7900 -64500.0 0
20600.0 7900 -64500.0 1
20600.0 7900 -64500.0 0
16300.0 7900 -64500.0 1
16300.0 7900 -64500.0 0
12000.0 7900 -64500.0 1
12000.0 7900 -64500.0 0
7700.0 7900 -64500.0 1
7700.0 7900 -64500.0 0
3400.0 7900 -64500.0 1
3400.0 7900 -64500.0 0
3400.0 7900 -64500.0 1
3400.0 7900 -64500.0 0
7700.0 7900 -64500.0 1
7700.0 7900 -64500.0 0
12000.0 7900 -64500.0 1
12000.0 7900 -64500.0 0
16300.0 7900 -64500.0 1
16300.0 7900 -64500.0 0
20600.0 7900 -64500.0 1
20600.0 7900 -64500.0 0
24900.0 7900 -64500.0 1
24900.0 7900 -64500.0 0
29200.0 7900 -64500.0 1
29200.0 7900 -64500.0 0
33500.0 7900 -64500.0 1
33500.0 7900 -64500.0 0
33500.0 7900 -64500.0 1
33500.0 7900 -64500.0 0
29200.0 7900 -64500.0 1
29200.0 7900 -64500.0 0
24900.0 7900 -64500.0 1
24900.0 7900 -64500.0 0
20600.0 7900 -64500.0 1
20600.0 7900 -64500.0 0
16300.0 7900 -64500.0 1
16300.0 7900 -64500.0 0
12000.0 7900 -64500.0 1
12000.0 7900 -64500.0 0
7700.0 7900 -64500.0 1
7700.0 7900 -64500.0 0
3400.0 7900 -64500.0 1
3400.0 7900 -64500.0 0
3400.0 11900 -64500.0 1
3400.0 11900 -64500.0 0
7700.0 11900 -64500.0 1
7700.0 11900 -64500.0 0
12000.0 11900 -64500.0 1
12000.0 11900 -64500.0 0
16300.0 11900 -64500.0 1
16300.0 11900 -64500.0 0
20600.0 11900 -64500.0 1
20600.0 11900 -64500.0 0
24900.0 11900 -64500.0 1
24900.0 11900 -64500.0 0
29200.0 11900 -64500.0 1
29200.0 11900 -64500.0 0
33500.0 11900 -64500.0 1
33500.0 11900 -64500.0 0
33500.0 11900 -64500.0 1
33500.0 11900 -64500.0 0
29200.0 11900 -64500.0 1
29200.0 11900 -64500.0 0
24900.0 11900 -64500.0 1
24900.0 11900 -64500.0 0
20600.0 11900 -64500.0 1
20600.0 11900 -64500.0 0
16300.0 11900 -64500.0 1
16300.0 11900 -64500.0 0
12000.0 11900 -64500.0 1
12000.0 11900 -64500.0 0
7700.0 11900 -64500.0 1
7700.0 11900 -64500.0 0
3400.0 11900 -64500.0 1
3400.0 11900 -64500.0 0
3400.0 11900 -64500.0 1
3400.0 11900 -64500.0 0
7700.0 11900 -64500.0 1
7700.0 11900 -64500.0 0
12000.0 11900 -64500.0 1
12000.0 11900 -64500.0 0
16300.0 11900 -64500.0 1
16300.0 11900 -64500.0 0
20600.0 11900 -64500.0 1
20600.0 11900 -64500.0 0
24900.0 11900 -64500.0 1
24900.0 11900 -64500.0 0
29200.0 11900 -64500.0 1
29200.0 11900 -64500.0 0
33500.0 11900 -64500.0 1
33500.0 11900 -64500.0 0
33500.0 11900 -64500.0 1
33500.0 11900 -64500.0 0
29200.0 11900 -64500.0 1
29200.0 11900 -64500.0 0
24900.0 11900 -64500.0 1
24900.0 11900 -64500.0 0
20600.0 11900 -64500.0 1
20600.0 11900 -64500.0 0
16300.0 11900 -64500.0 1
16300.0 11900 -64500.0 0
12000.0 11900 -64500.0 1
12000.0 11900 -64500.0 0
7700.0 11900 -64500.0 1
7700.0 11900 -64500.0 0
3400.0 11900 -64500.0 1
3400.0 11900 -64500.0 0
3400.0 11900 -64500.0 1
3400.0 11900 -64500.0 0
7700.0 11900 -64500.0 1
7700.0 11900 -64500.0 0
12000.0 11900 -64500.0 1
12000.0 11900 -64500.0 0
16300.0 11900 -64500.0 1
16300.0 11900 -64500.0 0
20600.0 11900 -64500.0 1
20600.0 11900 -64500.0 0
24900.0 11900 -64500.0 1
24900.0 11900 -64500.0 0
29200.0 11900 -64500.0 1
29200.0 11900 -64500.0 0
33500.0 11900 -64500.0 1
33500.0 11900 -64500.0 0
33500.0 11900 -64500.0 1
33500.0 11900 -64500.0 0
29200.0 11900 -64500.0 1
29200.0 11900 -64500.0 0
24900.0 11900 -64500.0 1
24900.0 11900 -64500.0 0
20600.0 11900 -64500.0 1
20600.0 11900 -64500.0 0
16300.0 11900 -64500.0 1
16300.0 11900 -64500.0 0
12000.0 11900 -64500.0 1
12000.0 11900 -64500.0 0
7700.0 11900 -64500.0 1
7700.0 11900 -64500.0 0
3400.0 11900 -64500.0 1
3400.0 11900 -64500.0 0
3400.0 11900 -64500.0 1
3400.0 11900 -64500.0 0
7700.0 11900 -64500.0 1
7700.0 11900 -64500.0 0
12000.0 11900 -64500.0 1
12000.0 11900 -64500.0 0
16300.0 11900 -64500.0 1
16300.0 11900 -64500.0 0
20600.0 11900 -64500.0 1
20600.0 11900 -64500.0 0
24900.0 11900 -64500.0 1
24900.0 11900 -64500.0 0
29200.0 11900 -64500.0 1
29200.0 11900 -64500.0 0
33500.0 11900 -64500.0 1
33500.0 11900 -64500.0 0
33500.0 11900 -64500.0 1
33500.0 11900 -64500.0 0
29200.0 11900 -64500.0 1
29200.0 11900 -64500.0 0
24900.0 11900 -64500.0 1
24900.0 11900 -64500.0 0
20600.0 11900 -64500.0 1
20600.0 11900 -64500.0 0
16300.0 11900 -64500.0 1
16300.0 11900 -64500.0 0
12000.0 11900 -64500.0 1
12000.0 11900 -64500.0 0
7700.0 11900 -64500.0 1
7700.0 11900 -64500.0 0
3400.0 11900 -64500.0 1
3400.0 11900 -64500.0 0
3400.0 -100 -64500.0 1
3400.0 -100 -64500.0 0
7700.0 -100 -64500.0 1
7700.0 -100 -64500.0 0
12000.0 -100 -64500.0 1
12000.0 -100 -64500.0 0
16300.0 -100 -64500.0 1
16300.0 -100 -64500.0 0
20600.0 -100 -64500.0 1
20600.0 -100 -64500.0 0
24900.0 -100 -64500.0 1
24900.0 -100 -64500.0 0
29200.0 -100 -64500.0 1
29200.0 -100 -64500.0 0
33500.0 -100 -64500.0 1
33500.0 -100 -64500.0 0
33500.0 -100 -64500.0 1
33500.0 -100 -64500.0 0
29200.0 -100 -64500.0 1
29200.0 -100 -64500.0 0
24900.0 -100 -64500.0 1
24900.0 -100 -64500.0 0
20600.0 -100 -64500.0 1
20600.0 -100 -64500.0 0
16300.0 -100 -64500.0 1
16300.0 -100 -64500.0 0
12000.0 -100 -64500.0 1
12000.0 -100 -64500.0 0
7700.0 -100 -64500.0 1
7700.0 -100 -64500.0 0
3400.0 -100 -64500.0 1
3400.0 -100 -64500.0 0
3400.0 -100 -64500.0 1
3400.0 -100 -64500.0 0
7700.0 -100 -64500.0 1
7700.0 -100 -64500.0 0
12000.0 -100 -64500.0 1
12000.0 -100 -64500.0 0
16300.0 -100 -64500.0 1
16300.0 -100 -64500.0 0
20600.0 -100 -64500.0 1
20600.0 -100 -64500.0 0
24900.0 -100 -64500.0 1
24900.0 -100 -64500.0 0
29200.0 -100 -64500.0 1
29200.0 -100 -64500.0 0
33500.0 -100 -64500.0 1
33500.0 -100 -64500.0 0
33500.0 -100 -64500.0 1
33500.0 -100 -64500.0 0
29200.0 -100 -64500.0 1
29200.0 -100 -64500.0 0
24900.0 -100 -64500.0 1
24900.0 -100 -64500.0 0
20600.0 -100 -64500.0 1
20600.0 -100 -64500.0 0
16300.0 -100 -64500.0 1
16300.0 -100 -64500.0 0
12000.0 -100 -64500.0 1
12000.0 -100 -64500.0 0
7700.0 -100 -64500.0 1
7700.0 -100 -64500.0 0
3400.0 -100 -64500.0 1
3400.0 -100 -64500.0 0
3400.0 -100 -64500.0 1
3400.0 -100 -64500.0 0
7700.0 -100 -64500.0 1
7700.0 -100 -64500.0 0
12000.0 -100 -64500.0 1
12000.0 -100 -64500.0 0
16300.0 -100 -64500.0 1
16300.0 -100 -64500.0 0
20600.0 -100 -64500.0 1
20600.0 -100 -64500.0 0
24900.0 -100 -64500.0 1
24900.0 -100 -64500.0 0
29200.0 -100 -64500.0 1
29200.0 -100 -64500.0 0
33500.0 -100 -64500.0 1
33500.0 -100 -64500.0 0
33500.0 -100 -64500.0 1
33500.0 -100 -64500.0 0
29200.0 -100 -64500.0 1
29200.0 -100 -64500.0 0
24900.0 -100 -64500.0 1
24900.0 -100 -64500.0 0
20600.0 -100 -64500.0 1
20600.0 -100 -64500.0 0
16300.0 -100 -64500.0 1
16300.0 -100 -64500.0 0
12000.0 -100 -64500.0 1
12000.0 -100 -64500.0 0
7700.0 -100 -64500.0 1
7700.0 -100 -64500.0 0
3400.0 -100 -64500.0 1
3400.0 -100 -64500.0 0
3400.0 -100 -64500.0 1
3400.0 -100 -64500.0 0
7700.0 -100 -64500.0 1
7700.0 -100 -64500.0 0
12000.0 -100 -64500.0 1
12000.0 -100 -64500.0 0
16300.0 -100 -64500.0 1
16300.0 -100 -64500.0 0
20600.0 -100 -64500.0 1
20600.0 -100 -64500.0 0
24900.0 -100 -64500.0 1
24900.0 -100 -64500.0 0
29200.0 -100 -64500.0 1
29200.0 -100 -64500.0 0
33500.0 -100 -64500.0 1
33500.0 -100 -64500.0 0
33500.0 -100 -64500.0 1
33500.0 -100 -64500.0 0
29200.0 -100 -64500.0 1
29200.0 -100 -64500.0 0
24900.0 -100 -64500.0 1
24900.0 -100 -64500.0 0
20600.0 -100 -64500.0 1
20600.0 -100 -64500.0 0
16300.0 -100 -64500.0 1
16300.0 -100 -64500.0 0
12000.0 -100 -64500.0 1
12000.0 -100 -64500.0 0
7700.0 -100 -64500.0 1
7700.0 -100 -64500.0 0
3400.0 -100 -64500.0 1
3400.0 -100 -64500.0 0
3400.0 3900 -34500.0 1
3400.0 3900 -34500.0 0
7700.0 3900 -34500.0 1
7700.0 3900 -34500.0 0
12000.0 3900 -34500.0 1
12000.0 3900 -34500.0 0
16300.0 3900 -34500.0 1
16300.0 3900 -34500.0 0
20600.0 3900 -34500.0 1
20600.0 3900 -34500.0 0
24900.0 3900 -34500.0 1
24900.0 3900 -34500.0 0
29200.0 3900 -34500.0 1
29200.0 3900 -34500.0 0
33500.0 3900 -34500.0 1
33500.0 3900 -34500.0 0
33500.0 3900 -34500.0 1
33500.0 3900 -34500.0 0
29200.0 3900 -34500.0 1
29200.0 3900 -34500.0 0
24900.0 3900 -34500.0 1
24900.0 3900 -34500.0 0
20600.0 3900 -34500.0 1
20600.0 3900 -34500.0 0
16300.0 3900 -34500.0 1
16300.0 3900 -34500.0 0
12000.0 3900 -34500.0 1
12000.0 3900 -34500.0 0
7700.0 3900 -34500.0 1
7700.0 3900 -34500.0 0
3400.0 3900 -34500.0 1
3400.0 3900 -34500.0 0
3400.0 3900 -34500.0 1
3400.0 3900 -34500.0 0
7700.0 3900 -34500.0 1
7700.0 3900 -34500.0 0
12000.0 3900 -34500.0 1
12000.0 3900 -34500.0 0
16300.0 3900 -34500.0 1
16300.0 3900 -34500.0 0
20600.0 3900 -34500.0 1
20600.0 3900 -34500.0 0
24900.0 3900 -34500.0 1
24900.0 3900 -34500.0 0
29200.0 3900 -34500.0 1
29200.0 3900 -34500.0 0
33500.0 3900 -34500.0 1
33500.0 3900 -34500.0 0
33500.0 3900 -34500.0 1
33500.0 3900 -34500.0 0
29200.0 3900 -34500.0 1
29200.0 3900 -34500.0 0
24900.0 3900 -34500.0 1
24900.0 3900 -34500.0 0
20600.0 3900 -34500.0 1
20600.0 3900 -34500.0 0
16300.0 3900 -34500.0 1
16300.0 3900 -34500.0 0
12000.0 3900 -34500.0 1
12000.0 3900 -34500.0 0
7700.0 3900 -34500.0 1
7700.0 3900 -34500.0 0
3400.0 3900 -34500.0 1
3400.0 3900 -34500.0 0
3400.0 3900 -34500.0 1
3400.0 3900 -34500.0 0
7700.0 3900 -34500.0 1
7700.0 3900 -34500.0 0
12000.0 3900 -34500.0 1
12000.0 3900 -34500.0 0
16300.0 3900 -34500.0 1
16300.0 3900 -34500.0 0
20600.0 3900 -34500.0 1
20600.0 3900 -34500.0 0
24900.0 3900 -34500.0 1
24900.0 3900 -34500.0 0
29200.0 3900 -34500.0 1
29200.0 3900 -34500.0 0
33500.0 3900 -34500.0 1
33500.0 3900 -34500.0 0
33500.0 3900 -34500.0 1
33500.0 3900 -34500.0 0
29200.0 3900 -34500.0 1
29200.0 3900 -34500.0 0
24900.0 3900 -34500.0 1
24900.0 3900 -34500.0 0
20600.0 3900 -34500.0 1
20600.0 3900 -34500.0 0
16300.0 3900 -34500.0 1
16300.0 3900 -34500.0 0
12000.0 3900 -34500.0 1
12000.0 3900 -34500.0 0
7700.0 3900 -34500.0 1
7700.0 3900 -34500.0 0
3400.0 3900 -34500.0 1
3400.0 3900 -34500.0 0
3400.0 3900 -34500.0 1
3400.0 3900 -34500.0 0
7700.0 3900 -34500.0 1
7700.0 3900 -34500.0 0
12000.0 3900 -34500.0 1
12000.0 3900 -34500.0 0
16300.0 3900 -34500.0 1
16300.0 3900 -34500.0 0
20600.0 3900 -34500.0 1
20600.0 3900 -34500.0 0
24900.0 3900 -34500.0 1
24900.0 3900 -34500.0 0
29200.0 3900 -34500.0 1
29200.0 3900 -34500.0 0
33500.0 3900 -34500.0 1
33500.0 3900 -34500.0 0
33500.0 3900 -34500.0 1
33500.0 3900 -34500.0 0
29200.0 3900 -34500.0 1
29200.0 3900 -34500.0 0
24900.0 3900 -34500.0 1
24900.0 3900 -34500.0 0
20600.0 3900 -34500.0 1
20600.0 3900 -34500.0 0
16300.0 3900 -34500.0 1
16300.0 3900 -34500.0 0
12000.0 3900 -34500.0 1
12000.0 3900 -34500.0 0
7700.0 3900 -34500.0 1
7700.0 3900 -34500.0 0
3400.0 3900 -34500.0 1
3400.0 3900 -34500.0 0
3400.0 7900 -34500.0 1
3400.0 7900 -34500.0 0
7700.0 7900 -34500.0 1
7700.0 7900 -34500.0 0
12000.0 7900 -34500.0 1
12000.0 7900 -34500.0 0
16300.0 7900 -34500.0 1
16300.0 7900 -34500.0 0
20600.0 7900 -34500.0 1
20600.0 7900 -34500.0 0
24900.0 7900 -34500.0 1
24900.0 7900 -34500.0 0
29200.0 7900 -34500.0 1
29200.0 7900 -34500.0 0
33500.0 7900 -34500.0 1
33500.0 7900 -34500.0 0
33500.0 7900 -34500.0 1
33500.0 7900 -34500.0 0
29200.0 7900 -34500.0 1
29200.0 7900 -34500.0 0
24900.0 7900 -34500.0 1
24900.0 7900 -34500.0 0
20600.0 7900 -34500.0 1
20600.0 7900 -34500.0 0
16300.0 7900 -34500.0 1
16300.0 7900 -34500.0 0
12000.0 7900 -34500.0 1
12000.0 7900 -34500.0 0
7700.0 7900 -34500.0 1
7700.0 7900 -34500.0 0
3400.0 7900 -34500.0 1
3400.0 7900 -34500.0 0
3400.0 7900 -34500.0 1
3400.0 7900 -34500.0 0
7700.0 7900 -34500.0 1
7700.0 7900 -34500.0 0
12000.0 7900 -34500.0 1
12000.0 7900 -34500.0 0
16300.0 7900 -34500.0 1
16300.0 7900 -34500.0 0
20600.0 7900 -34500.0 1
20600.0 7900 -34500.0 0
24900.0 7900 -34500.0 1
24900.0 7900 -34500.0 0
29200.0 7900 -34500.0 1
29200.0 7900 -34500.0 0
33500.0 7900 -34500.0 1
33500.0 7900 -34500.0 0
33500.0 7900 -34500.0 1
33500.0 7900 -34500.0 0
29200.0 7900 -34500.0 1
29200.0 7900 -34500.0 0
24900.0 7900 -34500.0 1
24900.0 7900 -34500.0 0
20600.0 7900 -34500.0 1
20600.0 7900 -34500.0 0
16300.0 7900 -34500.0 1
16300.0 7900 -34500.0 0
12000.0 7900 -34500.0 1
12000.0 7900 -34500.0 0
7700.0 7900 -34500.0 1
7700.0 7900 -34500.0 0
3400.0 7900 -34500.0 1
3400.0 7900 -34500.0 0
3400.0 7900 -34500.0 1
3400.0 7900 -34500.0 0
7700.0 7900 -34500.0 1
7700.0 7900 -34500.0 0
12000.0 7900 -34500.0 1
12000.0 7900 -34500.0 0
16300.0 7900 -34500.0 1
16300.0 7900 -34500.0 0
20600.0 7900 -34500.0 1
20600.0 7900 -34500.0 0
24900.0 7900 -34500.0 1
24900.0 7900 -34500.0 0
29200.0 7900 -34500.0 1
29200.0 7900 -34500.0 0
33500.0 7900 -34500.0 1
33500.0 7900 -34500.0 0
33500.0 7900 -34500.0 1
33500.0 7900 -34500.0 0
29200.0 7900 -34500.0 1
29200.0 7900 -34500.0 0
24900.0 7900 -34500.0 1
24900.0 7900 -34500.0 0
20600.0 7900 -34500.0 1
20600.0 7900 -34500.0 0
16300.0 7900 -34500.0 1
16300.0 7900 -34500.0 0
12000.0 7900 -34500.0 1
12000.0 7900 -34500.0 0
7700.0 7900 -34500.0 1
7700.0 7900 -34500.0 0
3400.0 7900 -34500.0 1
3400.0 7900 -34500.0 0
3400.0 7900 -34500.0 1
3400.0 7900 -34500.0 0
7700.0 7900 -34500.0 1
7700.0 7900 -34500.0 0
12000.0 7900 -34500.0 1
12000.0 7900 -34500.0 0
16300.0 7900 -34500.0 1
16300.0 7900 -34500.0 0
20600.0 7900 -34500.0 1
20600.0 7900 -34500.0 0
24900.0 7900 -34500.0 1
24900.0 7900 -34500.0 0
29200.0 7900 -34500.0 1
29200.0 7900 -34500.0 0
33500.0 7900 -34500.0 1
33500.0 7900 -34500.0 0
33500.0 7900 -34500.0 1
33500.0 7900 -34500.0 0
29200.0 7900 -34500.0 1
29200.0 7900 -34500.0 0
24900.0 7900 -34500.0 1
24900.0 7900 -34500.0 0
20600.0 7900 -34500.0 1
20600.0 7900 -34500.0 0
16300.0 7900 -34500.0 1
16300.0 7900 -34500.0 0
12000.0 7900 -34500.0 1
12000.0 7900 -34500.0 0
7700.0 7900 -34500.0 1
7700.0 7900 -34500.0 0
3400.0 7900 -34500.0 1
3400.0 7900 -34500.0 0
3400.0 11900 -34500.0 1
3400.0 11900 -34500.0 0
7700.0 11900 -34500.0 1
7700.0 11900 -34500.0 0
12000.0 11900 -34500.0 1
12000.0 11900 -34500.0 0
16300.0 11900 -34500.0 1
16300.0 11900 -34500.0 0
20600.0 11900 -34500.0 1
20600.0 11900 -34500.0 0
24900.0 11900 -34500.0 1
24900.0 11900 -34500.0 0
29200.0 11900 -34500.0 1
29200.0 11900 -34500.0 0
33500.0 11900 -34500.0 1
33500.0 11900 -34500.0 0
33500.0 11900 -34500.0 1
33500.0 11900 -34500.0 0
29200.0 11900 -34500.0 1
29200.0 11900 -34500.0 0
24900.0 11900 -34500.0 1
24900.0 11900 -34500.0 0
20600.0 11900 -34500.0 1
20600.0 11900 -34500.0 0
16300.0 11900 -34500.0 1
16300.0 11900 -34500.0 0
12000.0 11900 -34500.0 1
12000.0 11900 -34500.0 0
7700.0 11900 -34500.0 1
7700.0 11900 -34500.0 0
3400.0 11900 -34500.0 1
3400.0 11900 -34500.0 0
3400.0 11900 -34500.0 1
3400.0 11900 -34500.0 0
7700.0 11900 -34500.0 1
7700.0 11900 -34500.0 0
12000.0 11900 -34500.0 1
12000.0 11900 -34500.0 0
16300.0 11900 -34500.0 1
16300.0 11900 -34500.0 0
20600.0 11900 -34500.0 1
20600.0 11900 -34500.0 0
24900.0 11900 -34500.0 1
24900.0 11900 -34500.0 0
29200.0 11900 -34500.0 1
29200.0 11900 -34500.0 0
33500.0 11900 -34500.0 1
33500.0 11900 -34500.0 0
33500.0 11900 -34500.0 1
33500.0 11900 -34500.0 0
29200.0 11900 -34500.0 1
29200.0 11900 -34500.0 0
24900.0 11900 -34500.0 1
24900.0 11900 -34500.0 0
20600.0 11900 -34500.0 1
20600.0 11900 -34500.0 0
16300.0 11900 -34500.0 1
16300.0 11900 -34500.0 0
12000.0 11900 -34500.0 1
12000.0 11900 -34500.0 0
7700.0 11900 -34500.0 1
7700.0 11900 -34500.0 0
3400.0 11900 -34500.0 1
3400.0 11900 -34500.0 0
3400.0 11900 -34500.0 1
3400.0 11900 -34500.0 0
7700.0 11900 -34500.0 1
7700.0 11900 -34500.0 0
12000.0 11900 -34500.0 1
12000.0 11900 -34500.0 0
16300.0 11900 -34500.0 1
16300.0 11900 -34500.0 0
20600.0 11900 -34500.0 1
20600.0 11900 -34500.0 0
24900.0 11900 -34500.0 1
24900.0 11900 -34500.0 0
29200.0 11900 -34500.0 1
29200.0 11900 -34500.0 0
33500.0 11900 -34500.0 1
33500.0 11900 -34500.0 0
33500.0 11900 -34500.0 1
33500.0 11900 -34500.0 0
29200.0 11900 -34500.0 1
29200.0 11900 -34500.0 0
24900.0 11900 -34500.0 1
24900.0 11900 -34500.0 0
20600.0 11900 -34500.0 1
20600.0 11900 -34500.0 0
16300.0 11900 -34500.0 1
16300.0 11900 -34500.0 0
12000.0 11900 -34500.0 1
12000.0 11900 -34500.0 0
7700.0 11900 -34500.0 1
7700.0 11900 -34500.0 0
3400.0 11900 -34500.0 1
3400.0 11900 -34500.0 0
3400.0 11900 -34500.0 1
3400.0 11900 -34500.0 0
7700.0 11900 -34500.0 1
7700.0 11900 -34500.0 0
12000.0 11900 -34500.0 1
12000.0 11900 -34500.0 0
16300.0 11900 -34500.0 1
16300.0 11900 -34500.0 0
20600.0 11900 -34500.0 1
20600.0 11900 -34500.0 0
24900.0 11900 -34500.0 1
24900.0 11900 -34500.0 0
29200.0 11900 -34500.0 1
29200.0 11900 -34500.0 0
33500.0 11900 -34500.0 1
33500.0 11900 -34500.0 0
33500.0 11900 -34500.0 1
33500.0 11900 -34500.0 0
29200.0 11900 -34500.0 1
29200.0 11900 -34500.0 0
24900.0 11900 -34500.0 1
24900.0 11900 -34500.0 0
20600.0 11900 -34500.0 1
20600.0 11900 -34500.0 0
16300.0 11900 -34500.0 1
16300.0 11900 -34500.0 0
12000.0 11900 -34500.0 1
12000.0 11900 -34500.0 0
7700.0 11900 -34500.0 1
7700.0 11900 -34500.0 0
3400.0 11900 -34500.0 1
3400.0 11900 -34500.0 0
3400.0 -100 -34500.0 1
3400.0 -100 -34500.0 0
7700.0 -100 -34500.0 1
7700.0 -100 -34500.0 0
12000.0 -100 -34500.0 1
12000.0 -100 -34500.0 0
16300.0 -100 -34500.0 1
16300.0 -100 -34500.0 0
20600.0 -100 -34500.0 1
20600.0 -100 -34500.0 0
24900.0 -100 -34500.0 1
24900.0 -100 -34500.0 0
29200.0 -100 -34500.0 1
29200.0 -100 -34500.0 0
33500.0 -100 -34500.0 1
33500.0 -100 -34500.0 0
33500.0 -100 -34500.0 1
33500.0 -100 -34500.0 0
29200.0 -100 -34500.0 1
29200.0 -100 -34500.0 0
24900.0 -100 -34500.0 1
24900.0 -100 -34500.0 0
20600.0 -100 -34500.0 1
20600.0 -100 -34500.0 0
16300.0 -100 -34500.0 1
16300.0 -100 -34500.0 0
12000.0 -100 -34500.0 1
12000.0 -100 -34500.0 0
7700.0 -100 -34500.0 1
7700.0 -100 -34500.0 0
3400.0 -100 -34500.0 1
3400.0 -100 -34500.0 0
3400.0 -100 -34500.0 1
3400.0 -100 -34500.0 0
7700.0 -100 -34500.0 1
7700.0 -100 -34500.0 0
12000.0 -100 -34500.0 1
12000.0 -100 -34500.0 0
16300.0 -100 -34500.0 1
16300.0 -100 -34500.0 0
20600.0 -100 -34500.0 1
20600.0 -100 -34500.0 0
24900.0 -100 -34500.0 1
24900.0 -100 -34500.0 0
29200.0 -100 -34500.0 1
29200.0 -100 -34500.0 0
33500.0 -100 -34500.0 1
33500.0 -100 -34500.0 0
33500.0 -100 -34500.0 1
33500.0 -100 -34500.0 0
29200.0 -100 -34500.0 1
29200.0 -100 -34500.0 0
24900.0 -100 -34500.0 1
24900.0 -100 -34500.0 0
20600.0 -100 -34500.0 1
20600.0 -100 -34500.0 0
16300.0 -100 -34500.0 1
16300.0 -100 -34500.0 0
12000.0 -100 -34500.0 1
12000.0 -100 -34500.0 0
7700.0 -100 -34500.0 1
7700.0 -100 -34500.0 0
3400.0 -100 -34500.0 1
3400.0 -100 -34500.0 0
3400.0 -100 -34500.0 1
3400.0 -100 -34500.0 0
7700.0 -100 -34500.0 1
7700.0 -100 -34500.0 0
12000.0 -100 -34500.0 1
12000.0 -100 -34500.0 0
16300.0 -100 -34500.0 1
16300.0 -100 -34500.0 0
20600.0 -100 -34500.0 1
20600.0 -100 -34500.0 0
24900.0 -100 -34500.0 1
24900.0 -100 -34500.0 0
29200.0 -100 -34500.0 1
29200.0 -100 -34500.0 0
33500.0 -100 -34500.0 1
33500.0 -100 -34500.0 0
33500.0 -100 -34500.0 1
33500.0 -100 -34500.0 0
29200.0 -100 -34500.0 1
29200.0 -100 -34500.0 0
24900.0 -100 -34500.0 1
24900.0 -100 -34500.0 0
20600.0 -100 -34500.0 1
20600.0 -100 -34500.0 0
16300.0 -100 -34500.0 1
16300.0 -100 -34500.0 0
12000.0 -100 -34500.0 1
12000.0 -100 -34500.0 0
7700.0 -100 -34500.0 1
7700.0 -100 -34500.0 0
3400.0 -100 -34500.0 1
3400.0 -100 -34500.0 0
3400.0 -100 -34500.0 1
3400.0 -100 -34500.0 0
7700.0 -100 -34500.0 1
7700.0 -100 -34500.0 0
12000.0 -100 -34500.0 1
12000.0 -100 -34500.0 0
16300.0 -100 -34500.0 1
16300.0 -100 -34500.0 0
20600.0 -100 -34500.0 1
20600.0 -100 -34500.0 0
24900.0 -100 -34500.0 1
24900.0 -100 -34500.0 0
29200.0 -100 -34500.0 1
29200.0 -100 -34500.0 0
33500.0 -100 -34500.0 1
33500.0 -100 -34500.0 0
33500.0 -100 -34500.0 1
33500.0 -100 -34500.0 0
29200.0 -100 -34500.0 1
29200.0 -100 -34500.0 0
24900.0 -100 -34500.0 1
24900.0 -100 -34500.0 0
20600.0 -100 -34500.0 1
20600.0 -100 -34500.0 0
16300.0 -100 -34500.0 1
16300.0 -100 -34500.0 0
12000.0 -100 -34500.0 1
12000.0 -100 -34500.0 0
7700.0 -100 -34500.0 1
7700.0 -100 -34500.0 0
3400.0 -100 -34500.0 1
3400.0 -100 -34500.0 0
3400.0 3900 -4500.0 1
3400.0 3900 -4500.0 0
7700.0 3900 -4500.0 1
7700.0 3900 -4500.0 0
12000.0 3900 -4500.0 1
12000.0 3900 -4500.0 0
16300.0 3900 -4500.0 1
16300.0 3900 -4500.0 0
20600.0 3900 -4500.0 1
20600.0 3900 -4500.0 0
24900.0 3900 -4500.0 1
24900.0 3900 -4500.0 0
29200.0 3900 -4500.0 1
29200.0 3900 -4500.0 0
33500.0 3900 -4500.0 1
33500.0 3900 -4500.0 0
33500.0 3900 -4500.0 1
33500.0 3900 -4500.0 0
29200.0 3900 -4500.0 1
29200.0 3900 -4500.0 0
24900.0 3900 -4500.0 1
24900.0 3900 -4500.0 0
20600.0 3900 -4500.0 1
20600.0 3900 -4500.0 0
16300.0 3900 -4500.0 1
16300.0 3900 -4500.0 0
12000.0 3900 -4500.0 1
12000.0 3900 -4500.0 0
7700.0 3900 -4500.0 1
7700.0 3900 -4500.0 0
3400.0 3900 -4500.0 1
3400.0 3900 -4500.0 0
3400.0 3900 -4500.0 1
3400.0 3900 -4500.0 0
7700.0 3900 -4500.0 1
7700.0 3900 -4500.0 0
12000.0 3900 -4500.0 1
12000.0 3900 -4500.0 0
16300.0 3900 -4500.0 1
16300.0 3900 -4500.0 0
20600.0 3900 -4500.0 1
20600.0 3900 -4500.0 0
24900.0 3900 -4500.0 1
24900.0 3900 -4500.0 0
29200.0 3900 -4500.0 1
29200.0 3900 -4500.0 0
33500.0 3900 -4500.0 1
33500.0 3900 -4500.0 0
33500.0 3900 -4500.0 1
33500.0 3900 -4500.0 0
29200.0 3900 -4500.0 1
29200.0 3900 -4500.0 0
24900.0 3900 -4500.0 1
24900.0 3900 -4500.0 0
20600.0 3900 -4500.0 1
20600.0 3900 -4500.0 0
16300.0 3900 -4500.0 1
16300.0 3900 -4500.0 0
12000.0 3900 -4500.0 1
12000.0 3900 -4500.0 0
7700.0 3900 -4500.0 1
7700.0 3900 -4500.0 0
3400.0 3900 -4500.0 1
3400.0 3900 -4500.0 0
3400.0 3900 -4500.0 1
3400.0 3900 -4500.0 0
7700.0 3900 -4500.0 1
7700.0 3900 -4500.0 0
12000.0 3900 -4500.0 1
12000.0 3900 -4500.0 0
16300.0 3900 -4500.0 1
16300.0 3900 -4500.0 0
20600.0 3900 -4500.0 1
20600.0 3900 -4500.0 0
24900.0 3900 -4500.0 1
24900.0 3900 -4500.0 0
29200.0 3900 -4500.0 1
29200.0 3900 -4500.0 0
33500.0 3900 -4500.0 1
33500.0 3900 -4500.0 0
33500.0 3900 -4500.0 1
33500.0 3900 -4500.0 0
29200.0 3900 -4500.0 1
29200.0 3900 -4500.0 0
24900.0 3900 -4500.0 1
24900.0 3900 -4500.0 0
20600.0 3900 -4500.0 1
20600.0 3900 -4500.0 0
16300.0 3900 -4500.0 1
16300.0 3900 -4500.0 0
12000.0 3900 -4500.0 1
12000.0 3900 -4500.0 0
7700.0 3900 -4500.0 1
7700.0 3900 -4500.0 0
3400.0 3900 -4500.0 1
3400.0 3900 -4500.0 0
3400.0 3900 -4500.0 1
3400.0 3900 -4500.0 0
7700.0 3900 -4500.0 1
7700.0 3900 -4500.0 0
12000.0 3900 -4500.0 1
12000.0 3900 -4500.0 0
16300.0 3900 -4500.0 1
16300.0 3900 -4500.0 0
20600.0 3900 -4500.0 1
20600.0 3900 -4500.0 0
24900.0 3900 -4500.0 1
24900.0 3900 -4500.0 0
29200.0 3900 -4500.0 1
29200.0 3900 -4500.0 0
33500.0 3900 -4500.0 1
33500.0 3900 -4500.0 0
33500.0 3900 -4500.0 1
33500.0 3900 -4500.0 0
29200.0 3900 -4500.0 1
29200.0 3900 -4500.0 0
24900.0 3900 -4500.0 1
24900.0 3900 -4500.0 0
20600.0 3900 -4500.0 1
20600.0 3900 -4500.0 0
16300.0 3900 -4500.0 1
16300.0 3900 -4500.0 0
12000.0 3900 -4500.0 1
12000.0 3900 -4500.0 0
7700.0 3900 -4500.0 1
7700.0 3900 -4500.0 0
3400.0 3900 -4500.0 1
3400.0 3900 -4500.0 0
3400.0 7900 -4500.0 1
3400.0 7900 -4500.0 0
7700.0 7900 -4500.0 1
7700.0 7900 -4500.0 0
12000.0 7900 -4500.0 1
12000.0 7900 -4500.0 0
16300.0 7900 -4500.0 1
16300.0 7900 -4500.0 0
20600.0 7900 -4500.0 1
20600.0 7900 -4500.0 0
24900.0 7900 -4500.0 1
24900.0 7900 -4500.0 0
29200.0 7900 -4500.0 1
29200.0 7900 -4500.0 0
33500.0 7900 -4500.0 1
33500.0 7900 -4500.0 0
33500.0 7900 -4500.0 1
33500.0 7900 -4500.0 0
29200.0 7900 -4500.0 1
29200.0 7900 -4500.0 0
24900.0 7900 -4500.0 1
24900.0 7900 -4500.0 0
20600.0 7900 -4500.0 1
20600.0 7900 -4500.0 0
16300.0 7900 -4500.0 1
16300.0 7900 -4500.0 0
12000.0 7900 -4500.0 1
12000.0 7900 -4500.0 0
7700.0 7900 -4500.0 1
7700.0 7900 -4500.0 0
3400.0 7900 -4500.0 1
3400.0 7900 -4500.0 0
3400.0 7900 -4500.0 1
3400.0 7900 -4500.0 0
7700.0 7900 -4500.0 1
7700.0 7900 -4500.0 0
12000.0 7900 -4500.0 1
12000.0 7900 -4500.0 0
16300.0 7900 -4500.0 1
16300.0 7900 -4500.0 0
20600.0 7900 -4500.0 1
20600.0 7900 -4500.0 0
24900.0 7900 -4500.0 1
24900.0 7900 -4500.0 0
29200.0 7900 -4500.0 1
29200.0 7900 -4500.0 0
33500.0 7900 -4500.0 1
33500.0 7900 -4500.0 0
33500.0 7900 -4500.0 1
33500.0 7900 -4500.0 0
29200.0 7900 -4500.0 1
29200.0 7900 -4500.0 0
24900.0 7900 -4500.0 1
24900.0 7900 -4500.0 0
20600.0 7900 -4500.0 1
20600.0 7900 -4500.0 0
16300.0 7900 -4500.0 1
16300.0 7900 -4500.0 0
12000.0 7900 -4500.0 1
12000.0 7900 -4500.0 0
7700.0 7900 -4500.0 1
7700.0 7900 -4500.0 0
3400.0 7900 -4500.0 1
3400.0 7900 -4500.0 0
3400.0 7900 -4500.0 1
3400.0 7900 -4500.0 0
7700.0 7900 -4500.0 1
7700.0 7900 -4500.0 0
12000.0 7900 -4500.0 1
12000.0 7900 -4500.0 0
16300.0 7900 -4500.0 1
16300.0 7900 -4500.0 0
20600.0 7900 -4500.0 1
20600.0 7900 -4500.0 0
24900.0 7900 -4500.0 1
24900.0 7900 -4500.0 0
29200.0 7900 -4500.0 1
29200.0 7900 -4500.0 0
33500.0 7900 -4500.0 1
33500.0 7900 -4500.0 0
33500.0 7900 -4500.0 1
33500.0 7900 -4500.0 0
29200.0 7900 -4500.0 1
29200.0 7900 -4500.0 0
24900.0 7900 -4500.0 1
24900.0 7900 -4500.0 0
20600.0 7900 -4500.0 1
20600.0 7900 -4500.0 0
16300.0 7900 -4500.0 1
16300.0 7900 -4500.0 0
12000.0 7900 -4500.0 1
12000.0 7900 -4500.0 0
7700.0 7900 -4500.0 1
7700.0 7900 -4500.0 0
3400.0 7900 -4500.0 1
3400.0 7900 -4500.0 0
3400.0 7900 -4500.0 1
3400.0 7900 -4500.0 0
7700.0 7900 -4500.0 1
7700.0 7900 -4500.0 0
12000.0 7900 -4500.0 1
12000.0 7900 -4500.0 0
16300.0 7900 -4500.0 1
16300.0 7900 -4500.0 0
20600.0 7900 -4500.0 1
20600.0 7900 -4500.0 0
24900.0 7900 -4500.0 1
24900.0 7900 -4500.0 0
29200.0 7900 -4500.0 1
29200.0 7900 -4500.0 0
33500.0 7900 -4500.0 1
33500.0 7900 -4500.0 0
33500.0 7900 -4500.0 1
33500.0 7900 -4500.0 0
29200.0 7900 -4500.0 1
29200.0 7900 -4500.0 0
24900.0 7900 -4500.0 1
24900.0 7900 -4500.0 0
20600.0 7900 -4500.0 1
20600.0 7900 -4500.0 0
16300.0 7900 -4500.0 1
16300.0 7900 -4500.0 0
12000.0 7900 -4500.0 1
12000.0 7900 -4500.0 0
7700.0 7900 -4500.0 1
7700.0 7900 -4500.0 0
3400.0 7900 -4500.0 1
3400.0 7900 -4500.0 0
3400.0 11900 -4500.0 1
3400.0 11900 -4500.0 0
7700.0 11900 -4500.0 1
7700.0 11900 -4500.0 0
12000.0 11900 -4500.0 1
12000.0 11900 -4500.0 0
16300.0 11900 -4500.0 1
16300.0 11900 -4500.0 0
20600.0 11900 -4500.0 1
20600.0 11900 -4500.0 0
24900.0 11900 -4500.0 1
24900.0 11900 -4500.0 0
29200.0 11900 -4500.0 1
29200.0 11900 -4500.0 0
33500.0 11900 -4500.0 1
33500.0 11900 -4500.0 0
33500.0 11900 -4500.0 1
33500.0 11900 -4500.0 0
29200.0 11900 -4500.0 1
29200.0 11900 -4500.0 0
24900.0 11900 -4500.0 1
24900.0 11900 -4500.0 0
20600.0 11900 -4500.0 1
20600.0 11900 -4500.0 0
16300.0 11900 -4500.0 1
16300.0 11900 -4500.0 0
12000.0 11900 -4500.0 1
12000.0 11900 -4500.0 0
7700.0 11900 -4500.0 1
7700.0 11900 -4500.0 0
3400.0 11900 -4500.0 1
3400.0 11900 -4500.0 0
3400.0 11900 -4500.0 1
3400.0 11900 -4500.0 0
7700.0 11900 -4500.0 1
7700.0 11900 -4500.0 0
12000.0 11900 -4500.0 1
12000.0 11900 -4500.0 0
16300.0 11900 -4500.0 1
16300.0 11900 -4500.0 0
20600.0 11900 -4500.0 1
20600.0 11900 -4500.0 0
24900.0 11900 -4500.0 1
24900.0 11900 -4500.0 0
29200.0 11900 -4500.0 1
29200.0 11900 -4500.0 0
33500.0 11900 -4500.0 1
33500.0 11900 -4500.0 0
33500.0 11900 -4500.0 1
33500.0 11900 -4500.0 0
29200.0 11900 -4500.0 1
29200.0 11900 -4500.0 0
24900.0 11900 -4500.0 1
24900.0 11900 -4500.0 0
20600.0 11900 -4500.0 1
20600.0 11900 -4500.0 0
16300.0 11900 -4500.0 1
16300.0 11900 -4500.0 0
12000.0 11900 -4500.0 1
12000.0 11900 -4500.0 0
7700.0 11900 -4500.0 1
7700.0 11900 -4500.0 0
3400.0 11900 -4500.0 1
3400.0 11900 -4500.0 0
3400.0 11900 -4500.0 1
3400.0 11900 -4500.0 0
7700.0 11900 -4500.0 1
7700.0 11900 -4500.0 0
12000.0 11900 -4500.0 1
12000.0 11900 -4500.0 0
16300.0 11900 -4500.0 1
16300.0 11900 -4500.0 0
20600.0 11900 -4500.0 1
20600.0 11900 -4500.0 0
24900.0 11900 -4500.0 1
24900.0 11900 -4500.0 0
29200.0 11900 -4500.0 1
29200.0 11900 -4500.0 0
33500.0 11900 -4500.0 1
33500.0 11900 -4500.0 0
33500.0 11900 -4500.0 1
33500.0 11900 -4500.0 0
29200.0 11900 -4500.0 1
29200.0 11900 -4500.0 0
24900.0 11900 -4500.0 1
24900.0 11900 -4500.0 0
20600.0 11900 -4500.0 1
20600.0 11900 -4500.0 0
16300.0 11900 -4500.0 1
16300.0 11900 -4500.0 0
12000.0 11900 -4500.0 1
12000.0 11900 -4500.0 0
7700.0 11900 -4500.0 1
7700.0 11900 -4500.0 0
3400.0 11900 -4500.0 1
3400.0 11900 -4500.0 0
3400.0 11900 -4500.0 1
3400.0 11900 -4500.0 0
7700.0 11900 -4500.0 1
7700.0 11900 -4500.0 0
12000.0 11900 -4500.0 1
12000.0 11900 -4500.0 0
16300.0 11900 -4500.0 1
16300.0 11900 -4500.0 0
20600.0 11900 -4500.0 1
20600.0 11900 -4500.0 0
24900.0 11900 -4500.0 1
24900.0 11900 -4500.0 0
29200.0 11900 -4500.0 1
29200.0 11900 -4500.0 0
33500.0 11900 -4500.0 1
33500.0 11900 -4500.0 0
33500.0 11900 -4500.0 1
33500.0 11900 -4500.0 0
29200.0 11900 -4500.0 1
29200.0 11900 -4500.0 0
24900.0 11900 -4500.0 1
24900.0 11900 -4500.0 0
20600.0 11900 -4500.0 1
20600.0 11900 -4500.0 0
16300.0 11900 -4500.0 1
16300.0 11900 -4500.0 0
12000.0 11900 -4500.0 1
12000.0 11900 -4500.0 0
7700.0 11900 -4500.0 1
7700.0 11900 -4500.0 0
3400.0 11900 -4500.0 1
3400.0 11900 -4500.0 0
3400.0 -100 -4500.0 1
3400.0 -100 -4500.0 0
7700.0 -100 -4500.0 1
7700.0 -100 -4500.0 0
12000.0 -100 -4500.0 1
12000.0 -100 -4500.0 0
16300.0 -100 -4500.0 1
16300.0 -100 -4500.0 0
20600.0 -100 -4500.0 1
20600.0 -100 -4500.0 0
24900.0 -100 -4500.0 1
24900.0 -100 -4500.0 0
29200.0 -100 -4500.0 1
29200.0 -100 -4500.0 0
33500.0 -100 -4500.0 1
33500.0 -100 -4500.0 0
33500.0 -100 -4500.0 1
33500.0 -100 -4500.0 0
29200.0 -100 -4500.0 1
29200.0 -100 -4500.0 0
24900.0 -100 -4500.0 1
24900.0 -100 -4500.0 0
20600.0 -100 -4500.0 1
20600.0 -100 -4500.0 0
16300.0 -100 -4500.0 1
16300.0 -100 -4500.0 0
12000.0 -100 -4500.0 1
12000.0 -100 -4500.0 0
7700.0 -100 -4500.0 1
7700.0 -100 -4500.0 0
3400.0 -100 -4500.0 1
3400.0 -100 -4500.0 0
3400.0 -100 -4500.0 1
3400.0 -100 -4500.0 0
7700.0 -100 -4500.0 1
7700.0 -100 -4500.0 0
12000.0 -100 -4500.0 1
12000.0 -100 -4500.0 0
16300.0 -100 -4500.0 1
16300.0 -100 -4500.0 0
20600.0 -100 -4500.0 1
20600.0 -100 -4500.0 0
24900.0 -100 -4500.0 1
24900.0 -100 -4500.0 0
29200.0 -100 -4500.0 1
29200.0 -100 -4500.0 0
33500.0 -100 -4500.0 1
33500.0 -100 -4500.0 0
33500.0 -100 -4500.0 1
33500.0 -100 -4500.0 0
29200.0 -100 -4500.0 1
29200.0 -100 -4500.0 0
24900.0 -100 -4500.0 1
24900.0 -100 -4500.0 0
20600.0 -100 -4500.0 1
20600.0 -100 -4500.0 0
16300.0 -100 -4500.0 1
16300.0 -100 -4500.0 0
12000.0 -100 -4500.0 1
12000.0 -100 -4500.0 0
7700.0 -100 -4500.0 1
7700.0 -100 -4500.0 0
3400.0 -100 -4500.0 1
3400.0 -100 -4500.0 0
3400.0 -100 -4500.0 1
3400.0 -100 -4500.0 0
7700.0 -100 -4500.0 1
7700.0 -100 -4500.0 0
12000.0 -100 -4500.0 1
12000.0 -100 -4500.0 0
16300.0 -100 -4500.0 1
16300.0 -100 -4500.0 0
20600.0 -100 -4500.0 1
20600.0 -100 -4500.0 0
24900.0 -100 -4500.0 1
24900.0 -100 -4500.0 0
29200.0 -100 -4500.0 1
29200.0 -100 -4500.0 0
33500.0 -100 -4500.0 1
33500.0 -100 -4500.0 0
33500.0 -100 -4500.0 1
33500.0 -100 -4500.0 0
29200.0 -100 -4500.0 1
29200.0 -100 -4500.0 0
24900.0 -100 -4500.0 1
24900.0 -100 -4500.0 0
20600.0 -100 -4500.0 1
20600.0 -100 -4500.0 0
16300.0 -100 -4500.0 1
16300.0 -100 -4500.0 0
12000.0 -100 -4500.0 1
12000.0 -100 -4500.0 0
7700.0 -100 -4500.0 1
7700.0 -100 -4500.0 0
3400.0 -100 -4500.0 1
3400.0 -100 -4500.0 0
3400.0 -100 -4500.0 1
3400.0 -100 -4500.0 0
7700.0 -100 -4500.0 1
7700.0 -100 -4500.0 0
12000.0 -100 -4500.0 1
12000.0 -100 -4500.0 0
16300.0 -100 -4500.0 1
16300.0 -100 -4500.0 0
20600.0 -100 -4500.0 1
20600.0 -100 -4500.0 0
24900.0 -100 -4500.0 1
24900.0 -100 -4500.0 0
29200.0 -100 -4500.0 1
29200.0 -100 -4500.0 0
33500.0 -100 -4500.0 1
33500.0 -100 -4500.0 0
33500.0 -100 -4500.0 1
33500.0 -100 -4500.0 0
29200.0 -100 -4500.0 1
29200.0 -100 -4500.0 0
24900.0 -100 -4500.0 1
24900.0 -100 -4500.0 0
20600.0 -100 -4500.0 1
20600.0 -100 -4500.0 0
16300.0 -100 -4500.0 1
16300.0 -100 -4500.0 0
12000.0 -100 -4500.0 1
12000.0 -100 -4500.0 0
7700.0 -100 -4500.0 1
7700.0 -100 -4500.0 0
3400.0 -100 -4500.0 1
3400.0 -100 -4500.0 0